"x"
-77.1005401611328
-257.1318359375
-131.347885131836
-157.094039916992
-196.49040222168
-219.395950317383
-233.205062866211
-230.366744995117
-179.498886108398
-214.25439453125
-221.534423828125
-188.103897094727
-70.3139038085938
-60.5187034606934
-59.4009284973145
-44.3074798583984
-26.4359741210938
-33.334041595459
-52.1876640319824
-74.2754287719727
-2.05135130882263
-32.3348083496094
-57.4521293640137
-202.11328125
-168.256393432617
-191.752014160156
-176.82844543457
-106.890090942383
-132.241180419922
-136.784744262695
-159.798080444336
-176.326629638672
-167.902725219727
-165.207870483398
-173.856628417969
-146.179550170898
-189.878280639648
-159.730484008789
-199.535385131836
-171.359436035156
-192.145248413086
-153.571350097656
-127.457977294922
-123.06379699707
-101.953514099121
-57.9086532592773
-109.085838317871
-71.3192520141602
-149.910247802734
-162.771286010742
-164.055084228516
-150.958557128906
-117.529830932617
-113.787139892578
-72.5477676391602
-94.9749603271484
-48.1016082763672
-54.661865234375
-12.0759735107422
78.9300689697266
104.826965332031
69.1685180664062
63.4927444458008
53.8901977539062
62.4599952697754
63.5190544128418
91.1949005126953
97.0460891723633
88.8434371948242
68.2843551635742
-38.9397010803223
-99.8163146972656
-70.2847213745117
-89.642707824707
-111.728782653809
-171.770050048828
-157.960464477539
-110.571548461914
-68.2947387695312
-51.1175422668457
-64.9795303344727
-65.8274841308594
-66.7383346557617
-125.06819152832
-87.1033020019531
-56.5666809082031
-53.6230545043945
-39.7248573303223
-17.8495140075684
7.66443681716919
19.1918182373047
-3.6846444606781
51.279483795166
49.4275703430176
74.1455383300781
141.922164916992
191.797866821289
130.93473815918
167.503036499023
167.605834960938
208.393356323242
161.866668701172
116.020957946777
83.8880920410156
59.3204536437988
0.904443204402924
60.6517219543457
105.256042480469
104.020233154297
113.667549133301
84.3744506835938
108.056343078613
85.2791976928711
122.060844421387
111.218948364258
90.8634185791016
84.0711288452148
81.6582489013672
106.217720031738
78.6969451904297
86.9220733642578
68.6473007202148
54.8774490356445
38.9342460632324
77.4595718383789
123.301307678223
62.9932670593262
120.94450378418
132.475814819336
129.956634521484
32.076904296875
61.4811668395996
31.748571395874
19.8798084259033
21.7292747497559
67.3080215454102
70.8964614868164
75.5177612304688
42.7307167053223
38.2183876037598
27.9848022460938
64.850959777832
65.958137512207
97.7024688720703
94.7757034301758
112.142669677734
155.598526000977
156.529937744141
192.782104492188
159.043914794922
238.035461425781
245.979949951172
175.369018554688
184.967346191406
157.863174438477
149.984939575195
129.40007019043
143.429000854492
102.724479675293
77.8940124511719
99.1909713745117
128.4619140625
134.664840698242
98.2185287475586
78.3736114501953
57.8693771362305
85.5012969970703
75.2825393676758
58.8549652099609
61.7086868286133
61.9339904785156
68.2026519775391
67.2082595825195
76.5074920654297
74.3885116577148
110.642860412598
115.012916564941
135.346160888672
126.164649963379
113.029983520508
71.6188125610352
53.351146697998
73.8880844116211
43.9421844482422
31.068042755127
53.0880737304688
102.276588439941
80.6683044433594
68.5600280761719
89.1528625488281
90.5735702514648
77.1850738525391
111.662231445312
114.939575195312
163.071273803711
99.8196792602539
98.5467758178711
75.7766342163086
94.1813659667969
107.584930419922
84.6993789672852
88.0773544311523
77.6499710083008
90.515022277832
64.152229309082
90.1342163085938
29.5869979858398
60.6536254882812
15.3379487991333
32.9654541015625
46.5640144348145
8.88187694549561
-28.9170093536377
-30.4056148529053
-20.9766941070557
-12.523868560791
17.1162185668945
20.2872772216797
17.0398406982422
4.19104719161987
9.25575160980225
25.1344089508057
93.3801498413086
102.899879455566
92.7253646850586
86.055534362793
53.0675048828125
38.2039680480957
36.0995178222656
35.0631141662598
0.227678999304771
17.0521564483643
2.36888957023621
45.4625091552734
59.9616775512695
76.4389038085938
85.9999008178711
95.1005249023438
98.7512588500977
48.4821624755859
10.2581062316895
10.1883420944214
7.04698467254639
31.595251083374
40.772403717041
37.6071662902832
41.0042991638184
41.682991027832
47.7108497619629
79.5110855102539
83.4850921630859
97.0277404785156
100.310668945312
129.326187133789
140.846099853516
122.36669921875
81.9144897460938
51.5008506774902
46.7551498413086
40.8082885742188
0.361717373132706
-77.3968658447266
-120.336082458496
-93.5454711914062
-109.916236877441
-116.130836486816
-129.508255004883
-100.781448364258
-108.130355834961
-96.5009231567383
-105.51717376709
-165.372207641602
-142.36555480957
-90.5428161621094
-68.126350402832
-42.4628486633301
-43.0592155456543
-95.2104797363281
-87.8811340332031
-87.4212265014648
-53.8400459289551
-76.1947479248047
-115.293014526367
-66.1287460327148
-36.8632011413574
-57.2229957580566
-0.22056619822979
-18.1513538360596
-70.3264236450195
-51.2632942199707
-12.9920997619629
18.5205097198486
7.89957046508789
-22.6990566253662
-32.6521492004395
-26.6192417144775
-21.9706630706787
-18.7854804992676
-18.3749313354492
42.5548286437988
17.6890850067139
33.5616073608398
8.02245140075684
19.0547504425049
-2.3533182144165
85.2150573730469
38.6875610351562
-7.05175685882568
17.502405166626
32.7533683776855
30.4948291778564
62.0836753845215
50.9050903320312
51.341667175293
89.2880706787109
64.4538726806641
91.7500610351562
89.6648254394531
65.6672592163086
180.594833374023
152.813262939453
125.50479888916
82.8182220458984
114.78751373291
142.13264465332
117.28303527832
59.8013763427734
4.30127573013306
1.66388249397278
-32.1188774108887
-42.2734680175781
-20.6011428833008
26.2927169799805
41.626781463623
23.9255828857422
-7.71121168136597
-10.4746265411377
28.557991027832
0.923670887947083
16.0940551757812
16.7273979187012
22.392879486084
1.58036601543427
-6.94828128814697
3.33041572570801
10.4862031936646
12.9346733093262
-4.72214412689209
-52.3677558898926
-39.2404251098633
-42.1059417724609
4.7549843788147
16.5348434448242
72.4575958251953
11.3095827102661
-14.2801780700684
-2.68766379356384
-18.3847103118896
50.8415069580078
30.2393398284912
45.537914276123
79.7802200317383
119.746299743652
110.03239440918
102.826118469238
34.2123260498047
52.665412902832
66.2173080444336
34.6687965393066
51.3763008117676
96.3425903320312
119.823875427246
114.707717895508
109.016143798828
125.101417541504
147.691101074219
135.626525878906
162.404495239258
126.275177001953
154.442886352539
158.000595092773
135.907836914062
140.25016784668
160.7744140625
110.232795715332
99.4499893188477
50.6313934326172
72.3813629150391
46.5015869140625
77.180046081543
131.139068603516
245.746109008789
211.344512939453
137.52458190918
141.028076171875
165.50505065918
190.493377685547
181.521209716797
162.088653564453
175.183746337891
140.986602783203
83.5257034301758
76.4679870605469
67.7133560180664
115.73038482666
122.409591674805
76.2331008911133
53.2912254333496
-12.083080291748
12.5221433639526
16.2815742492676
-23.4509563446045
-25.2897510528564
-24.7851428985596
-10.2067804336548
23.8524875640869
35.3402671813965
26.4591255187988
21.0643062591553
-2.30404138565063
6.5255880355835
69.5099792480469
90.8478012084961
95.1497497558594
67.7151412963867
76.0270919799805
64.3922576904297
94.8715667724609
104.658737182617
102.91455078125
100.552062988281
87.1982269287109
111.974624633789
96.3924865722656
97.0115280151367
94.8943710327148
130.575271606445
168.638320922852
109.889625549316
268.217163085938
262.492431640625
220.274368286133
200.801147460938
279.227630615234
186.606842041016
143.341552734375
150.489227294922
146.628875732422
216.825119018555
246.446182250977
190.637542724609
177.0869140625
149.397415161133
145.088302612305
180.991134643555
195.305252075195
271.445098876953
322.943511962891
336.025390625
327.710113525391
327.975250244141
300.987457275391
261.699859619141
323.976867675781
360.866088867188
324.439147949219
292.769714355469
279.804504394531
259.619476318359
249.729751586914
274.248962402344
292.299011230469
299.226043701172
336.664642333984
354.468139648438
342.454833984375
265.492980957031
288.484252929688
218.841995239258
190.421051025391
174.77458190918
109.030456542969
117.475379943848
142.275588989258
145.817077636719
153.378768920898
223.615707397461
230.387268066406
226.939605712891
189.314758300781
177.434539794922
115.916618347168
102.479766845703
193.070220947266
213.034805297852
237.405410766602
186.347808837891
150.529251098633
124.336868286133
143.544845581055
90.9782791137695
122.358810424805
60.6859397888184
53.5890731811523
29.8983020782471
79.9320907592773
105.507827758789
72.129035949707
74.0528106689453
90.4315490722656
74.7418670654297
67.4801635742188
82.449462890625
64.9654846191406
63.6687622070312
54.1945571899414
29.1790046691895
76.4226303100586
41.586051940918
56.7164115905762
81.8034515380859
42.4040679931641
67.7723236083984
17.5545272827148
25.8907337188721
2.73360443115234
-12.2471694946289
-3.88746690750122
2.32193946838379
-3.10953807830811
-12.0902280807495
16.4276695251465
28.1572303771973
24.7867393493652
30.1026077270508
41.5842361450195
28.162239074707
19.7132453918457
-26.7674808502197
-20.6610145568848
6.44349479675293
7.98872327804565
60.8052444458008
82.0453491210938
56.6618423461914
40.077465057373
-4.75570011138916
0.87905341386795
34.9988975524902
63.9250526428223
72.6203079223633
101.902702331543
81.7180328369141
73.7325744628906
75.8016815185547
59.7091293334961
69.0988845825195
78.7010879516602
33.4426536560059
114.309066772461
100.168869018555
118.806480407715
173.683456420898
161.081985473633
139.893173217773
119.787315368652
94.2303848266602
166.455047607422
155.381607055664
135.512405395508
113.191078186035
101.56135559082
62.9177207946777
77.5753326416016
76.2178344726562
97.7365646362305
110.689498901367
134.493927001953
90.7571640014648
89.8459243774414
42.9320373535156
58.7411193847656
98.0796661376953
66.1044158935547
54.9291305541992
81.7010116577148
44.7111892700195
97.4933090209961
72.3781509399414
118.113082885742
102.077224731445
107.098403930664
90.9578323364258
55.8932228088379
86.3279647827148
41.4384536743164
26.952579498291
73.2877655029297
75.1647720336914
140.634429931641
119.704154968262
120.801055908203
119.903770446777
167.921691894531
183.998474121094
180.008438110352
214.209045410156
310.895751953125
325.972808837891
345.366943359375
331.7578125
364.818115234375
366.523559570312
301.033813476562
338.308319091797
314.851715087891
303.560394287109
352.452606201172
287.597595214844
224.87532043457
213.326995849609
180.029525756836
305.483215332031
129.412780761719
129.820770263672
119.127723693848
145.178909301758
120.768287658691
133.546493530273
154.235809326172
101.95166015625
261.057922363281
345.389007568359
302.567840576172
325.398193359375
281.844085693359
298.398315429688
235.023498535156
186.725662231445
181.709320068359
216.092163085938
315.308624267578
242.50959777832
102.017189025879
176.32160949707
198.195510864258
166.286529541016
209.049163818359
193.569793701172
215.152328491211
135.038543701172
124.895576477051
83.0979461669922
33.780818939209
258.071838378906
292.307586669922
258.928283691406
159.023147583008
240.068344116211
212.202194213867
130.781005859375
80.8351135253906
72.8779525756836
29.4093971252441
43.3585433959961
115.070327758789
94.1726913452148
114.89591217041
146.939590454102
144.2099609375
232.415176391602
178.462860107422
213.151702880859
237.545120239258
175.724334716797
163.488159179688
112.779090881348
91.5033493041992
86.3344955444336
184.567901611328
169.654495239258
204.469039916992
193.626373291016
135.114364624023
130.230804443359
229.263366699219
188.081573486328
121.329727172852
172.66650390625
157.536422729492
189.059860229492
148.77360534668
208.332336425781
183.46337890625
197.295425415039
234.991912841797
104.101493835449
86.6384963989258
84.4120559692383
102.264259338379
92.5950927734375
68.6789779663086
35.4921646118164
37.6800689697266
69.6437606811523
89.2226943969727
143.659973144531
113.119560241699
183.747406005859
170.620941162109
194.40885925293
140.975936889648
195.654190063477
291.496643066406
178.88053894043
174.725677490234
171.518814086914
79.9384689331055
106.445426940918
108.559379577637
-0.962952792644501
36.7696266174316
29.3310718536377
38.6180152893066
39.8546371459961
50.4149780273438
94.8333129882812
139.080535888672
127.040374755859
87.2026596069336
26.4921264648438
-25.1040458679199
-114.356018066406
-136.845581054688
-178.28044128418
-86.1260986328125
-41.0679550170898
5.80853652954102
68.5971832275391
65.4173049926758
123.582191467285
164.451019287109
184.205062866211
180.501358032227
145.338134765625
156.631286621094
310.815643310547
310.914611816406
336.678436279297
330.632049560547
316.335327148438
302.727996826172
392.188385009766
259.000640869141
291.296508789062
348.201354980469
354.120300292969
326.250366210938
341.085418701172
317.38671875
368.284973144531
355.693359375
381.38671875
389.474578857422
412.922058105469
432.283569335938
392.909484863281
306.487152099609
302.563293457031
193.5732421875
220.56477355957
256.707946777344
295.851623535156
411.455017089844
338.441772460938
324.502105712891
295.208862304688
328.928894042969
278.584045410156
323.502288818359
299.450256347656
274.269287109375
213.067398071289
230.355911254883
97.0962448120117
34.5780029296875
32.1382102966309
10.2749872207642
139.953277587891
-12.2740240097046
66.8859329223633
3.02707767486572
-31.8021907806396
3.65061163902283
-62.3108139038086
-38.0918006896973
-83.0585327148438
-76.1981430053711
-89.824104309082
-71.0336151123047
-13.1209993362427
24.9245185852051
3.42118740081787
56.0662994384766
82.4551467895508
34.3833389282227
45.7527313232422
30.2831058502197
18.6628646850586
-6.45230722427368
1.99065756797791
-31.3192195892334
-81.1408996582031
-51.2013053894043
-21.0561237335205
13.6374540328979
-17.6576156616211
-6.04855346679688
54.3505897521973
112.715507507324
121.579528808594
139.760559082031
161.772903442383
166.935119628906
203.135925292969
258.158569335938
219.215866088867
202.01708984375
125.595153808594
159.160675048828
206.57421875
218.754348754883
222.133377075195
223.795974731445
228.679672241211
209.056030273438
226.108596801758
251.707260131836
257.347351074219
272.398986816406
264.144744873047
274.517852783203
225.254257202148
254.707702636719
215.182464599609
234.884735107422
233.311889648438
212.396118164062
205.931686401367
205.117889404297
177.310501098633
184.22590637207
202.114517211914
214.609420776367
191.32926940918
146.435150146484
173.020767211914
228.784744262695
277.288330078125
263.002380371094
247.885726928711
242.999359130859
231.495758056641
194.197814941406
199.253952026367
202.879302978516
141.905364990234
139.489212036133
110.521202087402
84.5872650146484
85.9080963134766
73.3306884765625
126.939964294434
54.3661651611328
33.677303314209
37.7230606079102
59.9180183410645
80.7981109619141
54.8258285522461
30.7109928131104
59.4738616943359
97.6660385131836
155.207809448242
275.153625488281
273.339111328125
284.033142089844
265.793853759766
181.462692260742
258.668640136719
211.899307250977
214.608840942383
227.466430664062
244.436614990234
309.876617431641
346.059173583984
400.781280517578
431.193542480469
423.036193847656
425.919525146484
409.026733398438
421.918090820312
348.303588867188
358.583953857422
378.251953125
340.330718994141
287.268768310547
211.58447265625
159.566253662109
188.268402099609
121.813766479492
141.489608764648
203.558715820312
167.845016479492
222.960052490234
250.220291137695
251.119400024414
255.624069213867
248.146118164062
201.427459716797
226.607315063477
222.984954833984
228.865341186523
204.078048706055
175.938110351562
221.169342041016
181.085525512695
208.450805664062
129.247940063477
50.7177085876465
-68.5301513671875
-24.0258560180664
-3.98598527908325
17.6441555023193
-8.82127952575684
26.4534606933594
7.02340793609619
-18.1752796173096
-24.0959854125977
-22.3323974609375
-13.8909606933594
-10.6335754394531
-1.87227368354797
85.2573394775391
94.8999099731445
226.922103881836
240.485443115234
225.255065917969
298.750732421875
285.976013183594
280.628387451172
250.63737487793
243.110336303711
221.782867431641
211.757614135742
184.568557739258
91.7635040283203
113.847938537598
111.062164306641
57.4157333374023
31.8094596862793
53.1724700927734
50.3229560852051
39.1886558532715
39.6649627685547
62.3643531799316
43.8847618103027
65.7718887329102
52.8657913208008
21.7294082641602
64.371955871582
0.994225800037384
-0.942933201789856
-4.36449337005615
64.1500854492188
65.0561904907227
39.6129913330078
-26.5079975128174
-36.0796508789062
-27.8720874786377
-35.94287109375
65.1572113037109
87.1515045166016
100.307792663574
150.160339355469
241.797149658203
216.392013549805
185.813125610352
193.665985107422
179.176361083984
167.066131591797
252.644989013672
270.521026611328
262.889984130859
122.692245483398
129.939834594727
239.860900878906
270.903991699219
262.61376953125
264.101654052734
201.558212280273
196.933090209961
213.963745117188
212.364120483398
222.923828125
187.089736938477
194.968856811523
185.427551269531
173.971466064453
154.423568725586
186.55012512207
192.749923706055
214.419372558594
221.748489379883
207.576965332031
197.631774902344
300.118194580078
259.359588623047
229.707321166992
240.188262939453
203.733764648438
219.984466552734
235.78205871582
266.556274414062
231.320541381836
187.899505615234
183.942504882812
251.79248046875
238.649841308594
265.020446777344
267.851959228516
244.427536010742
229.910873413086
263.825134277344
277.201904296875
304.960693359375
286.873992919922
251.150955200195
239.167572021484
242.496353149414
228.269027709961
169.254379272461
207.915451049805
198.143173217773
193.310028076172
148.503173828125
176.513900756836
128.413269042969
94.8419952392578
82.7959213256836
115.734016418457
155.728103637695
174.548187255859
124.631744384766
162.322952270508
67.8297119140625
74.8519439697266
179.071884155273
88.1325759887695
167.70703125
221.28564453125
282.41357421875
251.158508300781
220.731353759766
239.285202026367
243.911590576172
217.407012939453
253.861038208008
255.416870117188
225.996383666992
172.073760986328
160.124893188477
205.695220947266
174.425735473633
216.899139404297
250.421997070312
205.651702880859
183.249114990234
210.851654052734
196.98583984375
180.567733764648
177.881576538086
200.966781616211
221.403457641602
252.189468383789
256.405700683594
205.027923583984
174.660140991211
123.778610229492
142.182464599609
147.102828979492
141.463821411133
167.727005004883
159.94287109375
181.707931518555
149.987167358398
130.300643920898
115.897583007812
177.1728515625
225.118301391602
318.741546630859
306.016174316406
322.952026367188
343.765197753906
305.476654052734
299.887359619141
216.005401611328
72.6180801391602
-2.10136032104492
40.8717575073242
61.2319755554199
26.0451984405518
50.9443664550781
67.1744537353516
139.036727905273
102.259376525879
139.999877929688
291.400482177734
359.270385742188
301.387420654297
291.455871582031
278.009582519531
216.305801391602
248.312927246094
240.612731933594
252.719970703125
277.601715087891
227.880737304688
236.800231933594
172.497436523438
220.316635131836
258.9150390625
288.01708984375
269.501037597656
237.180130004883
274.492797851562
263.287414550781
235.5732421875
238.463897705078
246.333984375
241.174880981445
223.620269775391
224.949951171875
218.416961669922
261.688201904297
245.865142822266
244.814361572266
264.720062255859
308.318176269531
303.684020996094
286.200378417969
247.545913696289
268.614776611328
274.977416992188
300.743743896484
291.875854492188
293.213195800781
287.560882568359
243.811386108398
224.430114746094
110.850227355957
138.991363525391
8.83375549316406
58.1272087097168
33.8857765197754
97.0869522094727
216.613739013672
316.919250488281
398.577209472656
351.005950927734
286.623870849609
290.943908691406
117.084678649902
60.3850059509277
212.168060302734
269.393768310547
270.819061279297
267.142974853516
227.260070800781
201.542510986328
172.71794128418
145.993957519531
196.026000976562
115.79093170166
125.39372253418
136.699890136719
97.5518951416016
101.44091796875
87.8908004760742
123.042175292969
86.6117324829102
102.550354003906
84.6614685058594
149.884918212891
170.684722900391
240.980178833008
211.482284545898
253.39176940918
235.353851318359
245.00634765625
239.910400390625
303.132110595703
196.648971557617
180.984893798828
160.545379638672
225.435256958008
181.883331298828
222.790283203125
251.962982177734
202.957962036133
233.87092590332
241.697845458984
279.701721191406
313.032012939453
329.141754150391
323.435485839844
262.153442382812
212.359588623047
176.859451293945
213.874084472656
170.144607543945
108.42113494873
109.429748535156
163.777435302734
140.601684570312
156.335510253906
162.959075927734
157.911880493164
170.871734619141
249.74609375
331.743804931641
319.310180664062
391.317932128906
374.733673095703
367.380523681641
351.121917724609
342.1513671875
326.890350341797
329.347625732422
346.393096923828
310.541961669922
287.964050292969
257.238739013672
265.38623046875
270.216247558594
273.077117919922
325.700866699219
311.982788085938
316.512603759766
261.376220703125
260.410888671875
186.859954833984
159.083129882812
241.976715087891
226.487777709961
204.978439331055
155.963806152344
154.920272827148
3.71562027931213
-40.6822891235352
6.31204223632812
75.6701126098633
142.908248901367
150.500778198242
168.985992431641
119.860069274902
149.967010498047
143.631607055664
241.117706298828
261.476470947266
374.093536376953
383.857452392578
368.348693847656
401.986358642578
407.957824707031
412.942565917969
390.800140380859
321.906433105469
317.904724121094
283.31298828125
253.002975463867
176.580383300781
227.278900146484
273.703216552734
283.84619140625
283.340972900391
277.541961669922
295.480743408203
288.091583251953
293.170318603516
282.655731201172
345.548736572266
325.620391845703
361.577941894531
353.827575683594
315.446746826172
305.228271484375
279.127563476562
254.169937133789
240.45637512207
198.583129882812
228.109466552734
168.412170410156
216.086868286133
220.504745483398
204.853332519531
255.960037231445
212.927581787109
201.85823059082
184.88362121582
134.602203369141
105.399940490723
67.1121063232422
11.9313564300537
-11.8492870330811
135.700775146484
289.058502197266
300.235992431641
293.746765136719
290.334716796875
246.580276489258
237.931533813477
270.629516601562
239.176818847656
256.585144042969
251.686767578125
342.158813476562
347.702270507812
374.079742431641
365.281097412109
350.044372558594
320.794738769531
247.364196777344
214.72998046875
204.609191894531
186.643859863281
281.208831787109
242.949188232422
167.44743347168
125.616233825684
110.806709289551
136.867126464844
124.585105895996
152.03678894043
190.013107299805
114.667900085449
174.331466674805
170.073516845703
174.09423828125
219.652923583984
240.052154541016
296.131958007812
214.832427978516
165.733779907227
7.18033123016357
-11.4380321502686
-7.02732038497925
-42.7692756652832
-44.6752891540527
-52.9036026000977
-5.22711610794067
-41.3095855712891
12.0592832565308
-41.7164115905762
185.181549072266
177.055130004883
191.352066040039
196.594879150391
253.331405639648
286.174102783203
298.901580810547
334.153533935547
374.356079101562
358.350646972656
365.89306640625
407.508911132812
395.507476806641
306.315002441406
226.717666625977
17.9714183807373
24.942834854126
91.0473098754883
100.978057861328
63.007999420166
42.2984733581543
37.099048614502
61.8880348205566
258.627319335938
297.015594482422
223.386581420898
247.183410644531
207.785522460938
194.990463256836
246.686050415039
235.822250366211
222.758743286133
226.491653442383
269.549011230469
240.312973022461
267.324920654297
291.614929199219
243.130752563477
-9.46132564544678
132.13671875
156.225936889648
159.531799316406
129.253173828125
210.364715576172
190.985107421875
148.433609008789
206.763900756836
163.349334716797
182.993713378906
289.547576904297
297.209869384766
283.292663574219
298.112121582031
0.389496028423309
43.8362274169922
203.108963012695
230.829025268555
190.774551391602
280.188507080078
314.61865234375
324.219360351562
293.902709960938
239.405456542969
216.068084716797
-24.6921653747559
-18.7159004211426
-32.3261795043945
-60.1888427734375
-19.8628387451172
-34.6507835388184
-22.1449546813965
59.5948028564453
87.0158309936523
139.618118286133
137.487731933594
149.726119995117
150.330490112305
-3.83752274513245
-54.8967018127441
-42.4007225036621
-30.1242866516113
-21.7004070281982
17.7911338806152
66.8064193725586
53.8444442749023
49.7590560913086
19.0230464935303
6.44559907913208
-77.9749984741211
-73.0876617431641
-61.440860748291
-74.3324279785156
-31.9824695587158
-6.55916023254395
-38.8627853393555
42.7298278808594
55.8636627197266
-59.5621070861816
-41.0363159179688
-17.4723491668701
-61.7699813842773
10.8328008651733
36.8077354431152
21.401575088501
41.9488410949707
56.3101081848145
72.5379409790039
76.7077941894531
65.6936187744141
48.4565162658691
37.4260520935059
66.2725677490234
-41.1554565429688
-42.0286254882812
-29.5696620941162
-34.7982292175293
-8.91869926452637
-11.5766410827637
2.5579526424408
47.5986175537109
90.5034637451172
74.6658248901367
76.9333038330078
81.7028503417969
41.5805320739746
76.7463302612305
65.8701477050781
27.758996963501
71.0946884155273
112.234191894531
141.983627319336
143.357635498047
140.239685058594
62.6656341552734
104.438613891602
30.6730499267578
-3.37861227989197
-47.053539276123
-21.9538726806641
-21.2917938232422
-12.0085372924805
-24.2419261932373
10.3129205703735
72.7094879150391
94.0292282104492
102.321166992188
118.96159362793
94.0227127075195
119.12922668457
33.832649230957
37.9020156860352
66.1315307617188
57.0817451477051
65.8979797363281
88.6892318725586
70.9013366699219
57.174861907959
14.5941925048828
57.9724273681641
70.1742782592773
25.0156707763672
-16.8011436462402
1.8672616481781
-8.06344795227051
24.110221862793
44.7488441467285
16.8299045562744
18.0210304260254
26.8516044616699
38.0382995605469
46.482551574707
51.5318489074707
24.3405704498291
81.8807601928711
99.2944564819336
79.6684188842773
101.937271118164
115.311065673828
96.1881332397461
129.743957519531
105.432846069336
46.0764770507812
31.2631168365479
26.0009765625
-23.3406143188477
-28.2093505859375
-41.6299438476562
-49.1519546508789
-8.71333885192871
-9.71192073822021
-23.4174308776855
7.2156834602356
85.5577545166016
80.5578536987305
97.2281036376953
72.4564208984375
53.2572174072266
103.433731079102
124.666076660156
112.12385559082
132.952362060547
134.559722900391
147.763885498047
112.703506469727
131.475280761719
114.194259643555
77.9468688964844
54.3093299865723
26.0697555541992
-15.0526571273804
-3.36492133140564
5.56365823745728
38.154972076416
6.90003776550293
15.7873916625977
55.7776260375977
114.207298278809
102.356391906738
127.787048339844
136.111831665039
139.810806274414
93.2454833984375
50.0831413269043
46.5208969116211
79.3432235717773
88.4244995117188
106.036582946777
109.237655639648
76.9193420410156
67.7732467651367
92.3731689453125
60.7924995422363
15.1169757843018
5.40269136428833
-26.3055820465088
-50.2845077514648
-12.2047634124756
21.2056293487549
-1.31810057163239
31.6057548522949
39.4807167053223
72.2133560180664
92.9891662597656
67.5188140869141
39.8650512695312
80.9579391479492
91.2339019775391
74.3731155395508
118.243217468262
90.9527587890625
75.7490539550781
66.517951965332
69.3750839233398
34.4355926513672
85.2310409545898
97.9494857788086
41.8939476013184
-1.01535940170288
2.86194205284119
-8.46281623840332
0.40949422121048
-6.40089988708496
1.76190459728241
97.2618865966797
124.591239929199
109.673789978027
141.68049621582
138.655029296875
114.660827636719
139.582138061523
72.4619216918945
110.19905090332
88.7647094726562
151.107025146484
197.248107910156
132.85546875
163.193603515625
166.908157348633
128.464370727539
114.307144165039
83.7197265625
100.410934448242
84.1486282348633
64.2362823486328
186.797439575195
71.3021011352539
61.3319854736328
69.1334762573242
54.3890686035156
71.1125411987305
83.1704635620117
54.880199432373
99.7097778320312
94.9572296142578
144.056900024414
160.841659545898
193.877304077148
229.343063354492
295.902069091797
342.506011962891
315.681213378906
301.590789794922
256.235015869141
208.514678955078
176.831726074219
178.615341186523
208.485565185547
189.123107910156
186.246704101562
180.805252075195
113.113548278809
160.963272094727
184.251281738281
229.617828369141
209.441696166992
205.079635620117
225.128967285156
253.149810791016
247.796127319336
217.405715942383
204.925064086914
210.353851318359
188.294616699219
222.447525024414
267.301300048828
222.113800048828
147.521347045898
136.860626220703
168.673797607422
171.313537597656
178.121673583984
116.344657897949
81.0576477050781
26.8508281707764
-51.9108695983887
-74.2887344360352
-18.481575012207
-43.4659957885742
-55.6312065124512
-78.7466278076172
-71.2385482788086
-49.893741607666
-28.1499729156494
27.3302516937256
27.1198444366455
21.9551124572754
35.0810279846191
44.0950202941895
48.28369140625
87.9228668212891
73.9905700683594
80.8952560424805
99.2380905151367
115.714981079102
110.459754943848
96.2221603393555
154.15673828125
173.081634521484
109.909683227539
-21.4169158935547
50.9895210266113
80.1144332885742
39.0892524719238
32.6449851989746
32.7935905456543
19.1015090942383
49.9149436950684
44.4045944213867
16.0261192321777
-15.023868560791
-2.4922034740448
4.38657569885254
-10.6380624771118
27.578010559082
21.81005859375
19.0612850189209
-15.932861328125
-23.7673778533936
-33.3020935058594
-56.6824607849121
-22.3783664703369
-58.3985557556152
-100.082237243652
-86.9528045654297
-86.7226638793945
-66.1071853637695
-97.1167678833008
-120.052291870117
-117.963752746582
-102.685478210449
-96.4564971923828
-110.047576904297
-93.4935302734375
-106.091491699219
-108.92162322998
-47.6364135742188
-68.2515869140625
-41.842903137207
-44.1955299377441
-67.6540374755859
-90.6979522705078
-100.144050598145
-144.110168457031
-109.13646697998
-59.6805610656738
-71.9873809814453
-107.294395446777
-60.415657043457
-11.1243591308594
-59.4982452392578
-57.0031471252441
-58.8482322692871
-40.1949310302734
-54.6649856567383
-35.5602645874023
-57.8924217224121
-41.2258491516113
-9.31871032714844
25.6041069030762
63.7923431396484
3.27720904350281
-19.9133949279785
-60.4264183044434
-30.6629085540771
-44.2514343261719
-43.50634765625
-83.5874404907227
-106.593658447266
-92.4599609375
-62.2978935241699
-29.2439384460449
14.5377740859985
85.2364730834961
74.7656097412109
105.56844329834
82.3376007080078
137.498718261719
170.390487670898
157.893859863281
250.304748535156
256.000152587891
217.401580810547
271.671569824219
205.447769165039
207.956604003906
198.813781738281
216.024078369141
172.479629516602
157.807098388672
142.00862121582
105.451889038086
87.8732604980469
128.379898071289
83.5210647583008
-13.8385381698608
-44.5845336914062
-59.7815589904785
-79.2143020629883
-59.326042175293
-13.5149116516113
-59.846923828125
-76.104866027832
-69.9181289672852
-49.052978515625
-22.8252830505371
-63.0000839233398
-34.2549476623535
7.53283071517944
-26.0471305847168
-59.9321556091309
-122.892654418945
-131.97981262207
-138.831604003906
-92.3770141601562
-49.7334861755371
-72.4878463745117
-80.3876113891602
-81.1272430419922
-98.4328308105469
-162.298553466797
-149.786834716797
-88.2002639770508
-125.4775390625
-61.9971961975098
-63.1403732299805
-122.383277893066
-113.17650604248
-80.9525985717773
-48.6791305541992
-28.9095191955566
-60.8963012695312
-74.9088516235352
-92.2380294799805
-159.53938293457
-173.151748657227
-156.087219238281
-82.9427261352539
-102.566673278809
-23.0640468597412
-39.8989067077637
-14.790283203125
-27.8551216125488
-116.606033325195
-128.845748901367
-102.590385437012
-110.66381072998
-81.8899307250977
-97.1606597900391
-59.5434684753418
-38.9262237548828
-25.9258766174316
-33.8905754089355
-30.4578247070312
1.92279815673828
1.75233244895935
-27.5361022949219
20.0705699920654
32.8033905029297
5.36889362335205
59.7708587646484
87.1296844482422
149.828842163086
186.636688232422
118.961387634277
139.73942565918
112.466621398926
116.147125244141
66.969352722168
82.6299591064453
98.713996887207
62.2377471923828
82.1981201171875
25.5504264831543
8.69504737854004
-5.76886796951294
-7.78471612930298
13.0900440216064
52.6491966247559
21.4427947998047
41.0234298706055
-3.98823952674866
-3.1621630191803
-14.4738502502441
-14.5351076126099
-14.252161026001
-22.8388633728027
-8.1180362701416
-20.6396217346191
24.6455364227295
-16.5435981750488
-92.6352462768555
-115.612823486328
-74.5793685913086
-68.8093414306641
-112.088150024414
-98.3144836425781
-73.9628143310547
-73.1491851806641
-56.1751403808594
-47.3675689697266
-27.213830947876
-38.7540588378906
-6.81452131271362
0.0614254176616669
-37.1630897521973
-67.1505813598633
-112.338516235352
-56.5315856933594
-67.8602981567383
-70.5458221435547
-78.4204635620117
-101.561897277832
-90.3910140991211
-84.2339019775391
-65.9894256591797
-66.193962097168
-60.3542137145996
-67.2788696289062
-64.426139831543
-111.417121887207
-60.0640296936035
-65.3761901855469
-53.8849601745605
-45.6675720214844
-21.1836929321289
-39.6684265136719
-27.2871551513672
-1.32112443447113
-44.3130073547363
-98.9477462768555
-137.316360473633
-78.2738800048828
-89.3867950439453
-87.3413162231445
-68.948371887207
-82.9616546630859
-67.2747116088867
-47.1749877929688
-59.2661323547363
-133.336700439453
-111.714851379395
-82.6796875
-88.7030029296875
-74.4837493896484
-87.6048431396484
-68.6227951049805
-54.4375343322754
-38.5859336853027
-52.7299270629883
-49.4874153137207
-42.2322769165039
-12.3949394226074
-31.9728679656982
-112.969627380371
-99.0506744384766
-96.2772979736328
-103.058860778809
-96.3780364990234
-119.271141052246
-107.228958129883
-107.620216369629
-83.9544219970703
-78.5624694824219
-67.1981353759766
-18.164083480835
-142.080444335938
-138.712112426758
-140.605072021484
-164.828826904297
-139.728591918945
-112.183235168457
-164.882507324219
-159.261001586914
-174.456405639648
-127.597648620605
-112.903617858887
-122.667625427246
-173.723907470703
-143.221252441406
-71.4788818359375
-98.9918670654297
-66.7371826171875
-100.683692932129
-76.5470581054688
-59.5844573974609
-12.7380857467651
-48.0305671691895
-71.4402389526367
-76.3717422485352
-87.0597991943359
-65.2817153930664
-73.742317199707
-21.8671474456787
-40.9047927856445
8.76438426971436
77.0163421630859
81.0714645385742
36.0563621520996
36.7362060546875
-55.424560546875
-64.4618759155273
-100.536399841309
-90.0487442016602
-56.6097640991211
-98.3436584472656
-93.6912384033203
-111.732276916504
-124.388336181641
-110.648994445801
-103.473823547363
-91.3109741210938
-60.3037605285645
-84.3033676147461
-132.613540649414
-119.84245300293
-120.571815490723
-121.044937133789
-106.194686889648
-67.4607925415039
-70.3363952636719
-43.137092590332
-41.0319519042969
-26.2621631622314
-50.4837379455566
-113.228996276855
-118.327659606934
-89.8653182983398
-56.0818824768066
-42.976261138916
18.3194217681885
39.6021957397461
16.4049415588379
35.8743476867676
85.0231704711914
37.1578598022461
-24.2476863861084
-42.0802383422852
-56.7798004150391
-56.8627014160156
-64.6862182617188
-97.1177597045898
-35.4205932617188
-51.4499244689941
-42.1219062805176
-5.49970626831055
35.9993438720703
61.265308380127
75.5916900634766
65.4250335693359
79.4527893066406
98.8652648925781
148.485916137695
146.961868286133
182.769302368164
188.204895019531
175.386276245117
183.704177856445
160.313552856445
180.872299194336
156.175827026367
13.6925821304321
-47.5565643310547
-22.0950183868408
-68.0282135009766
-34.0151100158691
-51.1651153564453
-61.5887832641602
-75.9618835449219
-85.7505340576172
-87.3784637451172
-93.0121765136719
-68.786376953125
-83.7448577880859
-56.7447128295898
-76.4257049560547
-92.4914703369141
-75.8710479736328
-63.0396537780762
-55.2287483215332
-49.6986503601074
-48.2310333251953
-48.3766708374023
-131.299026489258
-86.9216232299805
-54.9473304748535
-77.961540222168
-100.339630126953
-71.2077102661133
-24.186351776123
-16.9367790222168
-0.460355967283249
-10.7275371551514
-21.9564056396484
9.07107639312744
10.7688179016113
-1.95887899398804
42.7119483947754
1.51560091972351
-13.7400560379028
-59.3298759460449
-75.6418304443359
-48.001350402832
-89.326904296875
-85.0686187744141
-55.5225524902344
-43.1451988220215
25.5708160400391
7.17500782012939
66.1562805175781
38.4387588500977
54.7204818725586
57.7497711181641
24.1676921844482
14.3683471679688
38.2109756469727
44.6679267883301
27.4772815704346
65.2244644165039
62.1363639831543
80.0004501342773
46.972827911377
32.0508499145508
-58.7073249816895
-60.3368263244629
-28.136962890625
-34.3003120422363
-33.0148963928223
-46.1423263549805
-33.0527992248535
34.0451316833496
-50.6287384033203
-85.7077560424805
-0.0301099959760904
16.703634262085
-13.4676370620728
-2.982426404953
4.60340929031372
95.8995590209961
111.063957214355
189.180068969727
184.190002441406
154.387832641602
173.474502563477
169.318237304688
130.337142944336
65.0135040283203
59.9283103942871
47.3382148742676
-7.56181573867798
5.18118381500244
-5.71780157089233
-17.7156925201416
-53.8488311767578
-96.1807708740234
-12.8916730880737
-32.3265914916992
11.041955947876
88.7742462158203
111.839874267578
105.961128234863
118.965446472168
146.400772094727
83.7339019775391
61.8996925354004
86.9761199951172
97.2557907104492
104.970344543457
64.5100479125977
64.9504013061523
51.2318954467773
-6.65338850021362
-53.5354804992676
-76.9578170776367
-151.581558227539
-160.134811401367
-179.94514465332
-138.907684326172
-113.431175231934
-46.1059417724609
1.00948822498322
124.655624389648
124.822769165039
138.250091552734
145.879516601562
116.838256835938
121.343101501465
127.432746887207
121.429321289062
131.0869140625
186.843002319336
210.671112060547
201.994918823242
186.806411743164
130.229782104492
54.2626724243164
42.3968620300293
41.4725151062012
21.8226566314697
28.5744361877441
53.5543670654297
45.3709449768066
129.373382568359
109.631385803223
63.1730728149414
139.145614624023
200.570861816406
228.931930541992
314.166137695312
344.736450195312
228.110260009766
184.160705566406
152.835784912109
174.030029296875
258.633483886719
320.663665771484
307.058532714844
290.720520019531
299.316070556641
350.766876220703
390.009490966797
345.643218994141
388.380767822266
304.644592285156
277.249176025391
303.161773681641
283.588623046875
250.229934692383
266.029724121094
265.260833740234
334.942291259766
288.093536376953
298.167877197266
273.870086669922
292.288421630859
309.3857421875
296.603485107422
252.099014282227
224.254730224609
116.36360168457
146.655456542969
104.434577941895
277.181945800781
298.209197998047
271.662689208984
241.806106567383
258.953674316406
286.412506103516
265.204498291016
251.033706665039
202.660797119141
161.100845336914
22.6393947601318
-0.178369745612144
81.7761459350586
46.1676940917969
59.3144989013672
52.1978149414062
143.750152587891
110.481033325195
138.461761474609
139.034820556641
171.148834228516
193.614532470703
272.989959716797
273.857147216797
294.319885253906
318.097290039062
360.128295898438
303.799468994141
281.661315917969
266.593200683594
274.118225097656
281.367156982422
285.761199951172
251.447860717773
155.243789672852
120.605888366699
105.361953735352
91.3419952392578
109.601867675781
139.630981445312
124.978378295898
101.62776184082
50.3749465942383
44.0656776428223
68.3058013916016
100.686729431152
129.841033935547
113.294059753418
111.237571716309
209.495819091797
192.112167358398
195.243743896484
112.657272338867
145.064743041992
128.842727661133
73.7919235229492
85.8231582641602
94.5213394165039
129.621627807617
241.257171630859
214.167510986328
233.58903503418
248.289489746094
323.30615234375
346.998291015625
370.16015625
247.643142700195
240.723571777344
316.58642578125
262.373107910156
191.772689819336
214.143569946289
235.595657348633
263.770660400391
273.773468017578
302.094787597656
290.179443359375
286.295867919922
184.179534912109
165.891891479492
124.340339660645
203.913619995117
195.005508422852
67.6162490844727
48.3864059448242
94.7914733886719
138.976104736328
115.288665771484
129.769332885742
229.405944824219
172.666244506836
171.719955444336
163.352645874023
163.140701293945
189.347137451172
208.895080566406
255.971694946289
279.672149658203
331.853973388672
294.725921630859
274.738922119141
194.722366333008
172.763153076172
196.136123657227
295.729034423828
314.351867675781
250.081024169922
209.174346923828
209.794219970703
185.593048095703
202.183517456055
191.697158813477
219.20524597168
268.135803222656
292.398468017578
288.968109130859
217.6455078125
227.908233642578
250.791366577148
229.767120361328
277.578247070312
331.649322509766
339.034698486328
311.007263183594
312.832580566406
229.832366943359
216.770889282227
186.421325683594
310.911895751953
254.920257568359
175.804107666016
140.193008422852
99.7946548461914
21.473237991333
18.0260219573975
-8.61774063110352
37.9808731079102
32.4814567565918
68.8191604614258
82.2005157470703
79.2395401000977
79.0505599975586
52.2169303894043
60.0815353393555
10.038516998291
36.8396682739258
-53.4179191589355
-57.4983367919922
-40.1849250793457
-84.9445266723633
-71.7612152099609
-88.3100814819336
-95.4994812011719
-91.6520156860352
-85.2392196655273
-109.717544555664
-95.3124084472656
-63.8733787536621
-61.0808868408203
18.9341449737549
41.6314125061035
41.9879341125488
31.7425518035889
62.8832092285156
79.7091598510742
55.9018707275391
82.0229797363281
14.5367097854614
-74.7362899780273
-6.55061531066895
6.0255823135376
-29.1695671081543
2.26462078094482
12.5546398162842
6.21520900726318
9.82347393035889
44.1167335510254
41.0145606994629
48.6140060424805
92.7509002685547
76.6985473632812
87.4394149780273
74.5054626464844
37.1882209777832
12.8341379165649
10.5199937820435
-0.5865678191185
8.19578456878662
-28.9782524108887
0.909494340419769
23.4885101318359
30.7670726776123
50.5199394226074
38.3330307006836
21.8088684082031
16.7994709014893
21.0538101196289
5.81326341629028
-19.3654022216797
-54.6707916259766
-22.9245624542236
3.09953474998474
-4.33879137039185
-7.70770502090454
-12.1444263458252
3.03824639320374
-5.84293222427368
14.3520832061768
-127.401878356934
-133.093002319336
-161.288635253906
-118.99422454834
-126.869728088379
-165.21630859375
-174.046844482422
-149.207305908203
-123.815406799316
-143.374298095703
-159.850311279297
-146.417388916016
-150.969390869141
-148.080444335938
-191.380477905273
-175.766067504883
-206.883224487305
-199.244110107422
-146.047927856445
-114.050750732422
-134.007461547852
-129.893325805664
-121.778289794922
-184.651489257812
-169.628402709961
-190.020889282227
-165.762725830078
-174.029800415039
-155.183151245117
-216.022232055664
-296.291931152344
-283.797180175781
-211.566986083984
-185.174362182617
-219.389266967773
-180.283279418945
-212.604537963867
-209.419189453125
-222.21076965332
-233.789169311523
-209.877624511719
-171.562942504883
-178.499008178711
-271.126922607422
-222.84162902832
-212.56672668457
-150.813919067383
-186.277359008789
27.3821811676025
-26.2608108520508
-40.8245429992676
21.0954322814941
34.0171890258789
78.3069381713867
-23.2201404571533
-98.75439453125
-133.361083984375
-118.130638122559
-93.4870986938477
-110.26927947998
-106.743263244629
-53.5865440368652
-36.3603706359863
-10.7210569381714
-61.6423301696777
-90.4883728027344
-105.941833496094
-80.7275695800781
-129.978897094727
-107.244041442871
-79.6604766845703
-50.2665901184082
-138.048141479492
-193.269180297852
-173.466461181641
-123.232109069824
-138.994171142578
-193.14176940918
-251.771133422852
-299.378753662109
-268.536560058594
-267.028869628906
-280.679962158203
-234.459457397461
-202.447479248047
-200.084075927734
-193.770355224609
-199.997940063477
-232.526184082031
-231.695602416992
-219.368530273438
-226.058044433594
-211.034027099609
-243.648010253906
-163.784286499023
-194.626617431641
-188.725372314453
-189.639114379883
-185.64079284668
-150.950119018555
-231.310745239258
-210.018890380859
-280.538909912109
-308.13134765625
-205.989028930664
-195.364334106445
-252.346450805664
-259.699096679688
-192.91633605957
-155.369674682617
-172.319427490234
-180.049102783203
-256.803619384766
-237.967803955078
-202.071884155273
-216.682067871094
-198.823059082031
-190.821640014648
-161.972671508789
-197.271148681641
-56.8282585144043
-9.55373859405518
13.2513284683228
-29.0874137878418
-33.4133949279785
-39.4333572387695
-73.8498382568359
-43.1468658447266
-90.6818923950195
-60.6264839172363
-41.366641998291
-82.2457656860352
-114.742156982422
-111.114356994629
-112.257797241211
-122.03182220459
-105.428619384766
-108.932312011719
-91.0146102905273
-88.8172149658203
-107.447166442871
-60.5938949584961
-61.8466148376465
-110.07942199707
-100.695648193359
-110.621978759766
-102.616065979004
-86.6558990478516
-103.963455200195
-96.4041595458984
-92.6992874145508
-72.9219665527344
-49.7189979553223
-78.5981369018555
-103.929557800293
-111.759078979492
-127.850883483887
-129.614685058594
-137.139419555664
-120.580528259277
-130.158279418945
-91.1371154785156
-82.466194152832
-70.1895446777344
-107.290824890137
-84.3828125
-80.7325439453125
-94.78369140625
-86.6938323974609
-111.40306854248
-109.160133361816
-97.2276000976562
-99.1089935302734
-68.3560409545898
-49.588550567627
-53.079833984375
-64.9814910888672
-50.6336326599121
-21.4529209136963
-33.8183975219727
-18.4827690124512
-26.1520557403564
-51.6126976013184
-54.0997848510742
-60.7140617370605
-39.5408630371094
-96.3783493041992
-16.3502674102783
-25.1787700653076
-69.9513168334961
-48.9333076477051
-73.3199996948242
-146.859313964844
-167.907791137695
-140.279754638672
-123.088745117188
-150.853164672852
-117.492820739746
-84.3010406494141
-0.681877732276917
-35.6520500183105
-20.4452648162842
-30.0038814544678
-63.4120254516602
-58.0864639282227
-74.5920486450195
-87.5271301269531
-64.0390014648438
-82.2453918457031
-33.9116401672363
-67.7006225585938
-115.268310546875
-116.91007232666
-132.090057373047
-146.750961303711
-113.41495513916
-94.2503509521484
-53.6561431884766
-64.1542739868164
-74.5856399536133
-92.4562454223633
-115.139579772949
-91.9337997436523
-74.7687225341797
-94.353630065918
-65.9926147460938
-88.4869003295898
-34.4888954162598
-8.37172222137451
-25.5246162414551
-35.3435173034668
-31.0412445068359
-41.8719711303711
-105.449600219727
-131.543701171875
-108.059089660645
-101.036773681641
-100.240768432617
-105.984092712402
-114.801177978516
-80.4313049316406
-112.940765380859
-65.0368576049805
-105.906150817871
-47.4508285522461
-80.1929626464844
-19.8939971923828
5.02339363098145
-26.8520126342773
-28.0188465118408
-47.0638236999512
-41.3246231079102
-29.9774894714355
59.1483497619629
28.9663391113281
-3.04041528701782
-68.427116394043
-38.9776420593262
-95.3693084716797
-120.37622833252
-110.025077819824
-115.796043395996
-102.144424438477
-116.398277282715
-123.771621704102
-124.953498840332
-113.163619995117
-101.607131958008
-44.4569358825684
-75.7253494262695
-86.1983108520508
-60.3886871337891
-94.5146560668945
-103.045707702637
-107.446617126465
-85.4908065795898
-108.330848693848
-102.488960266113
-118.904586791992
-111.625114440918
-107.139350891113
-106.091758728027
-90.5316314697266
-120.307113647461
-90.4421997070312
-134.665298461914
-97.365104675293
-65.4359283447266
-123.809928894043
-26.8260288238525
-47.9632110595703
-64.5520706176758
-54.1105041503906
-64.0184783935547
-65.6781005859375
-33.6568069458008
-88.6945571899414
-73.7326202392578
-110.482192993164
-105.246910095215
-92.6017761230469
-79.7246551513672
-104.327964782715
-109.994728088379
-100.770095825195
-84.1653671264648
-118.184112548828
-113.319839477539
-121.717170715332
-99.2790298461914
-71.2780914306641
-81.3246841430664
-93.8200607299805
-71.2262268066406
-47.7078704833984
-67.9828796386719
-59.960521697998
-62.3535804748535
-67.7602386474609
-69.5557327270508
-82.4386749267578
-65.7169418334961
-87.7465744018555
-68.6606369018555
-82.7080688476562
-92.0007781982422
-106.063980102539
-109.36595916748
-98.7933349609375
-79.0855407714844
-70.2059936523438
-54.5680618286133
-54.8863258361816
-65.5672836303711
-75.4847564697266
-74.9222106933594
-73.136848449707
-45.8379554748535
-24.0817413330078
-4.55231714248657
-5.07285499572754
15.0619659423828
-42.6717300415039
-4.34442567825317
-59.2293586730957
-49.6674041748047
-67.8297653198242
-87.9033737182617
-99.2760543823242
-75.2100830078125
-98.4042816162109
-68.4136657714844
-102.468742370605
-57.6155281066895
-39.1141700744629
-57.9290313720703
-38.9574394226074
-41.3312950134277
-48.6378364562988
-33.03515625
-117.332778930664
-92.3457717895508
-95.7496643066406
-59.4165992736816
-57.6428871154785
-69.4885787963867
-41.9795684814453
-84.2908325195312
-103.073677062988
-77.2197494506836
-110.54948425293
-114.732780456543
-147.7060546875
-144.460632324219
-147.846557617188
-144.254760742188
-129.076965332031
-146.388549804688
-137.193756103516
-110.79662322998
-105.13631439209
-130.263275146484
-113.659812927246
-103.820625305176
-141.25505065918
-104.300170898438
-80.9358901977539
-88.4691009521484
-68.6470642089844
-69.2448425292969
-90.8306503295898
-97.9497451782227
-129.22233581543
-138.081573486328
-115.005958557129
-132.866119384766
-129.942443847656
-140.635223388672
-159.329513549805
-157.860214233398
-154.674514770508
-148.477279663086
-108.168083190918
-121.205871582031
-147.998229980469
-144.391357421875
-125.279670715332
-124.210006713867
-8.25088214874268
-51.5600814819336
-29.2121849060059
-25.4200706481934
-34.0732192993164
-45.1912727355957
-13.7381439208984
-0.0760635584592819
-42.6060333251953
-42.010986328125
-47.1715431213379
-40.6645088195801
-30.7122859954834
-36.1057472229004
-55.5127410888672
-43.894905090332
-28.1087818145752
-45.4017372131348
-24.5138874053955
-27.5398139953613
-31.1191272735596
3.33220672607422
-7.60618114471436
-5.94651412963867
59.3445014953613
75.8808517456055
39.7767105102539
57.1783447265625
68.6329727172852
57.7967376708984
27.6621913909912
33.510986328125
-3.11047792434692
23.1646537780762
-34.9443550109863
-31.211462020874
-49.1671905517578
-38.0496864318848
-31.4054660797119
-46.840274810791
-29.2083930969238
-18.9714298248291
-6.22433996200562
-14.6727924346924
-8.71504783630371
-23.5286846160889
-11.1873054504395
7.30633497238159
15.6510190963745
13.6150798797607
14.6345558166504
-7.63604545593262
-1.28950250148773
-22.5528030395508
-20.5607032775879
-38.0760345458984
-39.0998229980469
-32.293327331543
-41.8234443664551
-37.8447380065918
-2.88621544837952
-46.1004219055176
-49.5203056335449
-40.1025161743164
-35.2952575683594
-42.1887245178223
-50.1307907104492
-30.4340572357178
-31.3133010864258
-31.5206413269043
-38.505184173584
-27.9548511505127
-8.70929431915283
-57.4723930358887
-67.5294418334961
-47.1532020568848
-44.8021125793457
-75.1219024658203
-40.912784576416
-74.8524856567383
-42.2345733642578
-71.5565490722656
-79.7834930419922
-78.0567398071289
-60.8208618164062
-94.1519393920898
-78.2548751831055
-72.0113372802734
-92.9131698608398
-72.6821746826172
-80.1731185913086
-89.2155838012695
-61.5738868713379
-59.3646774291992
-85.4449615478516
-51.5239410400391
-74.2468948364258
-60.5409202575684
-7.58783435821533
-14.6376485824585
-7.92905521392822
-91.7471160888672
-59.7704696655273
-53.3067359924316
-95.7185363769531
-97.3421401977539
-107.996788024902
-82.8648147583008
-78.5673904418945
-87.7110137939453
-96.5672454833984
-82.6388397216797
-81.4716186523438
-63.1136741638184
-87.5398559570312
-103.338371276855
-74.127815246582
-79.4567718505859
-57.0880889892578
-86.0832366943359
-64.3649749755859
-63.8885803222656
-28.031135559082
-49.9057884216309
-67.5861587524414
-55.5865478515625
-50.5038566589355
-77.6793823242188
-96.3976669311523
-107.188110351562
-110.25838470459
-85.9862289428711
-91.3536529541016
-118.426010131836
-116.115272521973
-97.2442779541016
-82.4340896606445
-106.809593200684
-122.97486114502
-113.592384338379
-98.3575439453125
-59.8445472717285
-83.879768371582
-77.6351776123047
-49.9975204467773
-52.3850631713867
-42.4160995483398
-34.0110931396484
-41.5523948669434
-59.3482093811035
-7.9807448387146
-47.1014709472656
13.7875137329102
-46.8122749328613
-67.8666000366211
-52.8242797851562
-60.8505363464355
-89.9516677856445
-44.6625366210938
-12.6902551651001
-40.537899017334
-64.4695816040039
-61.6154289245605
-65.6350555419922
-48.7036514282227
-50.262279510498
-57.5167121887207
-57.2550048828125
-72.6572723388672
-57.2391395568848
-79.0725860595703
-84.2418441772461
-83.1255722045898
-63.5865440368652
-93.4651031494141
-103.877021789551
-57.5672912597656
-78.1992111206055
-54.5164527893066
-73.0751953125
-93.3587799072266
-74.9369201660156
-80.0821533203125
-90.9918746948242
-64.664665222168
-80.0575103759766
-49.4451370239258
-82.8576126098633
-68.3748474121094
-76.7220077514648
-73.3266143798828
-49.7126159667969
-53.7177886962891
-70.6614685058594
-54.622875213623
-64.1780624389648
-80.8871612548828
-66.3921508789062
-49.7457160949707
-55.3926315307617
-54.9911041259766
-65.2705764770508
-103.96369934082
-92.2707138061523
-103.052444458008
-114.909080505371
-103.274078369141
-101.731811523438
-109.414695739746
-108.810218811035
-109.977661132812
-53.1332244873047
-60.4186096191406
-60.8546409606934
-41.8490524291992
-71.8846130371094
-0.809291005134583
-10.3945331573486
-21.9086685180664
-26.749792098999
-26.5300788879395
-35.720630645752
-84.831184387207
-54.4786643981934
-50.9883117675781
-37.975025177002
-82.4995727539062
-35.8890266418457
40.797534942627
15.0498809814453
-4.95318603515625
11.9574947357178
51.0401725769043
1.0415061712265
10.5054264068604
4.87580251693726
8.90959453582764
4.26581954956055
-25.3923015594482
-21.5834045410156
-48.9774208068848
-18.7913036346436
-72.1270141601562
-108.123695373535
-84.5229873657227
-78.5164794921875
-38.0062294006348
-20.7591323852539
2.70926070213318
9.51467704772949
9.40229225158691
45.2211647033691
17.3389415740967
82.3733444213867
101.66764831543
89.9263610839844
33.1000709533691
50.7591934204102
27.6370239257812
18.5606899261475
-10.4368162155151
-24.3842124938965
-29.3652515411377
-58.3092269897461
-56.8370933532715
-8.79022884368896
-36.5853691101074
8.48702716827393
-32.9880523681641
81.342658996582
121.865356445312
149.807632446289
110.085388183594
122.515182495117
113.251525878906
126.051177978516
126.715980529785
101.419342041016
97.3339080810547
109.712043762207
116.844627380371
128.533294677734
104.274955749512
69.5837249755859
-52.7179832458496
-48.0142402648926
-31.1729125976562
-20.2370948791504
-229.053359985352
-200.372146606445
-273.701354980469
-290.667510986328
-295.5712890625
-364.288848876953
-377.320678710938
-368.969116210938
-301.934967041016
-309.238891601562
-337.052581787109
-275.280364990234
-171.387176513672
-88.1466674804688
-14.1445226669312
-31.509464263916
-62.531063079834
-70.3024368286133
-31.6196269989014
-62.8133659362793
-58.0353164672852
-26.1943759918213
-19.6932601928711
-4.48912477493286
187.238418579102
199.535598754883
205.195953369141
144.001739501953
160.694580078125
151.263793945312
161.19287109375
176.784225463867
106.527877807617
153.371566772461
135.046279907227
129.51611328125
113.442527770996
78.0602264404297
77.8921813964844
113.730171203613
118.581214904785
80.6254730224609
49.8793296813965
1.67724931240082
-15.6648616790771
-31.6785449981689
-61.8522758483887
-42.7159538269043
-34.8681907653809
-19.2839126586914
-16.762565612793
-51.9936218261719
-30.269416809082
-30.8898429870605
-10.664963722229
-9.09058570861816
-24.93212890625
-2.36306810379028
-4.54980039596558
-12.5377178192139
-37.3027267456055
-44.1050300598145
-23.7554035186768
-27.7455501556396
-26.579402923584
-9.12221145629883
-56.465518951416
-42.8523101806641
-55.484790802002
-25.3419227600098
-52.3929710388184
-45.0429229736328
-12.8958292007446
1.11279892921448
-20.0356330871582
-16.8796577453613
-20.2500514984131
-45.6386947631836
-19.5787677764893
-29.4659366607666
-39.1604347229004
-39.2541465759277
-48.8818626403809
-24.4186191558838
-32.9889373779297
-46.6160507202148
-27.9873313903809
-32.5746688842773
-8.56459331512451
-29.643575668335
-18.5871429443359
-23.8915939331055
-19.5926151275635
-4.16060209274292
-21.9047393798828
-11.958701133728
-1.15159130096436
-6.7741322517395
-21.6423778533936
-25.366153717041
-6.71038198471069
-24.0791282653809
5.51996088027954
-0.958462357521057
-21.9135265350342
-33.4546165466309
-20.51487159729
-28.123706817627
-58.5320701599121
-56.3367042541504
-34.2592353820801
-42.9467849731445
-48.527271270752
-64.6000747680664
-23.0504474639893
-31.8045635223389
-20.6049633026123
3.4599723815918
-37.8857955932617
-16.3067073822021
-9.52987861633301
9.27040004730225
-17.0078678131104
6.70336627960205
-25.8303318023682
-8.29468822479248
-0.949764430522919
-10.8295879364014
-30.2671012878418
-33.0630111694336
-68.0782241821289
-86.2579650878906
-98.9233093261719
-99.8322067260742
-68.703010559082
-61.7206039428711
-28.9309387207031
-50.6951484680176
-57.6620292663574
-73.9747619628906
-53.3142967224121
-90.695556640625
-79.1553802490234
-78.0940704345703
-83.220573425293
-69.159294128418
-42.312572479248
-81.6543045043945
-98.7781600952148
-69.8734893798828
-67.5774154663086
-51.9154930114746
-66.6320037841797
-69.8779144287109
-46.7344779968262
-46.3536605834961
-50.0265197753906
-74.9904251098633
-64.0101776123047
-42.406177520752
-56.0413703918457
-50.9843940734863
-53.8058090209961
-28.0806217193604
-45.2534637451172
-58.946403503418
-96.6467132568359
-66.3194580078125
-109.721244812012
-111.704132080078
-143.378814697266
-124.598960876465
-93.3934936523438
-47.1885528564453
15.7555904388428
18.183385848999
-16.4398345947266
-9.19592952728271
-62.2557067871094
-61.4761962890625
-76.2445526123047
-79.6043548583984
-70.0995712280273
-63.176399230957
-57.0828170776367
-64.3571853637695
-94.1023330688477
-80.4419708251953
-46.5059471130371
-45.7189254760742
-53.6169700622559
-57.0452346801758
-28.3172130584717
-22.8937911987305
6.51964998245239
26.2062282562256
19.8575210571289
39.8995323181152
14.0585422515869
14.832911491394
32.2268829345703
51.3487739562988
56.7418556213379
90.7975387573242
63.9655494689941
97.2443389892578
112.361831665039
81.9731826782227
80.8202896118164
54.1615867614746
18.461217880249
-14.31662940979
-36.9617652893066
-6.65218448638916
-3.01697683334351
-2.14815473556519
-15.3675012588501
-11.7818975448608
-13.7828197479248
-0.000831111799925566
-5.87312746047974
-3.74730253219604
2.73068499565125
5.10325479507446
-12.3777980804443
-16.7754650115967
-36.9179306030273
-23.682767868042
-20.3965892791748
-32.5383224487305
-17.2964515686035
3.05110263824463
4.51073980331421
-74.7661590576172
-67.0330429077148
-108.410011291504
-86.2967758178711
-78.2785568237305
-36.9961013793945
-52.6705551147461
-66.0324630737305
-7.98122882843018
-35.7457389831543
-41.7994689941406
-27.8692951202393
-19.6642112731934
-9.61482334136963
-45.1827964782715
-40.1133918762207
-42.8258819580078
-88.8683776855469
-60.7699127197266
-14.3244333267212
-13.0282316207886
87.8350067138672
118.599975585938
111.008056640625
75.9603118896484
112.038360595703
84.9794769287109
100.791854858398
128.213668823242
223.746200561523
170.971694946289
184.151962280273
195.722290039062
187.009628295898
117.333724975586
178.669952392578
159.945648193359
209.254058837891
189.995758056641
157.891342163086
67.0891418457031
51.0566711425781
46.0859680175781
32.9536285400391
-22.2440643310547
7.57565641403198
12.536527633667
9.80456161499023
19.8014392852783
27.4248332977295
37.5752220153809
43.7233428955078
52.9252243041992
83.4328002929688
68.7427825927734
75.0973510742188
64.4807815551758
55.5357666015625
44.0703010559082
10.1093521118164
-24.2091178894043
-1.76530981063843
26.0095329284668
0.181168496608734
-10.2953691482544
16.1085548400879
66.3420791625977
121.113441467285
58.6729469299316
37.5731315612793
-13.4581441879272
-11.4039602279663
29.0452175140381
26.323902130127
34.2842636108398
56.7017402648926
74.6456604003906
149.126174926758
120.964508056641
-26.8572807312012
-58.3738403320312
-227.502792358398
-103.136665344238
-81.0558319091797
46.2339706420898
-34.2634735107422
-2.71060013771057
27.4177780151367
53.4321098327637
48.8045196533203
29.133394241333
1.86156153678894
27.4529819488525
38.4652137756348
20.4425373077393
6.49160528182983
-4.00948047637939
-104.817436218262
-161.87548828125
-266.957916259766
-350.307891845703
-290.256408691406
-292.275085449219
157.800079345703
138.635635375977
175.038848876953
199.50617980957
221.149002075195
213.035461425781
216.32975769043
204.718612670898
187.363037109375
243.49885559082
232.967666625977
271.222442626953
251.493408203125
272.057342529297
302.561981201172
310.1064453125
325.978240966797
314.968322753906
297.079162597656
244.850433349609
217.544555664062
197.899337768555
215.913055419922
308.914428710938
265.523895263672
247.216003417969
265.300476074219
233.652847290039
258.352386474609
224.476760864258
231.568801879883
274.44287109375
242.595352172852
185.747894287109
189.825881958008
181.243515014648
164.091247558594
152.202499389648
125.01643371582
117.437896728516
112.73314666748
106.557792663574
49.7977294921875
11.1749649047852
-35.770092010498
-35.6515464782715
-21.103572845459
-24.0815486907959
-16.6469306945801
-21.6499614715576
-27.6382007598877
-30.5342617034912
-57.3960342407227
-37.1402244567871
-13.1241369247437
-40.043888092041
-43.183910369873
-62.2571487426758
-74.1286392211914
-82.6774978637695
-73.4711303710938
-75.8145217895508
-99.5709075927734
-45.5354919433594
-35.248161315918
-74.3164901733398
-56.0859985351562
-64.006706237793
-96.0376586914062
-82.0922775268555
-69.5070877075195
-70.5788116455078
-85.8984146118164
-56.4579162597656
-36.9351119995117
-38.0605316162109
-41.6153030395508
-20.6871643066406
-67.5398101806641
-55.504997253418
-70.3107986450195
-72.4299697875977
-87.6139221191406
-61.2113571166992
-81.9001693725586
-71.0731964111328
-63.2766723632812
-46.8214340209961
-74.0797348022461
-83.101448059082
-66.6759796142578
-53.4957733154297
-68.7058868408203
-51.7946319580078
-72.7009353637695
-68.0763778686523
-34.206657409668
-39.4919166564941
-42.7198028564453
-45.5502243041992
-32.5897254943848
-25.7616310119629
-75.3916473388672
-38.4528656005859
-23.0799102783203
-35.9413795471191
-22.9388179779053
-24.8849754333496
-12.6588945388794
5.49189949035645
-11.9503765106201
-40.4441032409668
-23.3915824890137
2.87585639953613
-40.2607803344727
-40.9833869934082
-49.8456535339355
-61.086971282959
-61.9768409729004
-80.2703170776367
7.96135473251343
3.78381633758545
-74.1612091064453
-87.3265533447266
-65.5844879150391
-52.6049919128418
-74.8986282348633
-62.7257499694824
-64.6122589111328
-67.1996765136719
-61.1701316833496
-93.7484741210938
-68.5851516723633
-45.0701293945312
-49.1386604309082
-36.199821472168
-26.8739528656006
-13.5448760986328
-17.9515762329102
-20.433012008667
-28.1345252990723
-33.1076850891113
-12.7733869552612
-37.3610458374023
-33.080135345459
-27.7127799987793
-38.955982208252
-12.659764289856
-19.2146453857422
47.7245788574219
21.8481998443604
-5.14208745956421
-62.6719818115234
-48.8179969787598
-49.4592323303223
-23.590669631958
17.2989463806152
12.8218059539795
26.6278686523438
23.9584903717041
24.1358051300049
31.0901069641113
-52.320011138916
-72.8674850463867
-89.526725769043
-71.5732192993164
-35.7558708190918
-86.9646453857422
-113.786514282227
-88.1962051391602
-111.875473022461
-95.9001007080078
-78.9964141845703
-58.2477493286133
-115.012145996094
-126.595672607422
-123.366241455078
-110.304130554199
-93.616828918457
-86.6059722900391
-108.408996582031
-146.524185180664
-138.302536010742
-165.672698974609
-136.847198486328
-41.524055480957
-79.7467651367188
-75.8211975097656
-78.3751602172852
-72.77099609375
-72.206298828125
-55.7819061279297
-37.2604598999023
-38.1805114746094
-33.8396224975586
-37.852970123291
-25.7678470611572
-42.5696105957031
-70.787353515625
-74.3432159423828
-100.701843261719
-89.7324981689453
-79.9734725952148
-89.9946517944336
-80.5225830078125
-27.1704921722412
-1.42396593093872
-7.9213399887085
-24.1449089050293
-22.7977104187012
-50.1002998352051
-86.2893600463867
-71.7056427001953
-62.2899780273438
-79.2955780029297
-31.5165920257568
-187.212692260742
-203.78401184082
-166.343811035156
-192.566024780273
-185.405181884766
-174.879592895508
-235.372680664062
-278.801147460938
-231.311950683594
-264.751953125
-224.60986328125
-218.278472900391
-207.000686645508
-208.544418334961
-219.482238769531
-220.410934448242
-212.020309448242
-200.492645263672
-199.454406738281
-232.911041259766
-258.707550048828
-237.412506103516
-233.922210693359
-235.403747558594
-268.098602294922
-229.480743408203
-231.769607543945
-248.170791625977
-262.448547363281
-272.496337890625
-308.451934814453
-289.654296875
-266.105316162109
-265.550537109375
-268.036499023438
-130.695938110352
-134.364685058594
-160.839279174805
-207.243881225586
-202.658706665039
-214.36833190918
-205.591857910156
-224.178771972656
-195.161880493164
-220.889785766602
-235.905654907227
-221.294174194336
-234.585220336914
-4.78964424133301
-26.5048809051514
-23.0770587921143
1.65425097942352
-5.46011781692505
-0.193328157067299
-8.58175945281982
-19.3040237426758
13.7654762268066
37.964225769043
80.8471908569336
70.2398529052734
96.4606628417969
39.7613563537598
58.2072448730469
43.837818145752
63.978328704834
71.7318801879883
60.0272941589355
24.3843994140625
59.1703186035156
19.7564678192139
8.38101100921631
-1.7366179227829
22.4217720031738
9.77998542785645
-32.7259864807129
-16.4409503936768
-59.9732208251953
-73.984260559082
-61.1689147949219
-80.2508544921875
-73.2725601196289
-104.27823638916
-141.363250732422
-150.54850769043
-153.088607788086
-161.540161132812
-152.113342285156
-154.439483642578
-153.290252685547
-150.464782714844
-163.71760559082
-171.352264404297
-122.056541442871
-135.969360351562
-108.923751831055
-131.780502319336
-95.8989410400391
-113.620758056641
-112.297538757324
-121.542861938477
-114.543968200684
-110.013481140137
-119.150840759277
-96.7623062133789
-92.7052764892578
-122.716270446777
-125.171875
-120.832588195801
-153.694229125977
-147.421783447266
-153.742599487305
-131.820007324219
-124.718437194824
-117.366569519043
-111.779830932617
-74.0670928955078
-90.1832427978516
-95.1535568237305
-76.407844543457
-77.2274017333984
-68.4378433227539
-74.4560699462891
-64.410400390625
-69.7961502075195
-102.670669555664
-100.862533569336
-130.642303466797
-117.194595336914
-111.010147094727
-126.729629516602
-141.605941772461
-106.51197052002
-100.252212524414
-72.1548309326172
-61.765251159668
-120.492637634277
-93.5077667236328
-88.8630447387695
-107.855438232422
-127.673774719238
-117.413719177246
-102.136848449707
-77.0781173706055
-89.9491806030273
-84.8649291992188
-68.6477737426758
-73.8407287597656
-85.2992706298828
-100.538009643555
-89.5041732788086
-93.1189422607422
-151.34538269043
-139.803802490234
-129.288619995117
-123.742599487305
-110.667991638184
-28.2467479705811
-29.136682510376
-8.35611343383789
5.3166651725769
6.31227588653564
49.5320663452148
-39.6692543029785
-87.724494934082
-129.619873046875
-104.261611938477
-73.0281448364258
-111.896644592285
-84.1781005859375
-111.566009521484
-108.737258911133
-112.235794067383
-83.8116455078125
-38.145938873291
-17.3695316314697
3.80481553077698
-27.9857063293457
-42.5250473022461
-44.4302062988281
-10.2708282470703
2.62129139900208
-14.1147871017456
0.746387183666229
8.09904670715332
4.6242790222168
10.7883577346802
-29.3619022369385
-51.4387435913086
-82.4049911499023
-107.420753479004
-69.8493881225586
-81.9987640380859
-89.8061981201172
-92.6566314697266
-99.0541687011719
-94.5480728149414
-113.183044433594
-103.023818969727
-41.2139625549316
-31.9900760650635
-61.9400901794434
-73.4731979370117
-60.5339622497559
-39.5901184082031
-15.319260597229
-22.7228260040283
14.5559616088867
11.1410322189331
10.7206535339355
46.761058807373
74.1914672851562
38.137393951416
-21.8413791656494
-69.1900863647461
-35.1170387268066
-49.2718162536621
1.65962421894073
-22.7292175292969
3.52944803237915
-3.43754386901855
-6.25420093536377
1.8438595533371
-23.4289131164551
-29.9279861450195
-2.26678466796875
-0.313604205846786
-24.4792327880859
-18.617826461792
-5.73213291168213
-39.1801376342773
-36.5577011108398
-34.8046493530273
-37.1302947998047
-25.4657096862793
-45.797290802002
-100.880332946777
-73.2848587036133
-95.6940841674805
-87.9169921875
-116.704200744629
-99.3038940429688
-87.513557434082
-96.6996002197266
-103.748741149902
-104.61205291748
-60.4652137756348
-81.6242752075195
-77.4474105834961
-91.601692199707
-96.4388122558594
-121.994140625
-129.204681396484
-144.279586791992
-145.61897277832
-137.485748291016
-136.58740234375
-133.002349853516
-86.464469909668
-101.169799804688
-112.837028503418
-98.4473419189453
-110.761840820312
-109.273643493652
-117.354873657227
-107.729904174805
-128.015319824219
-117.199317932129
-113.550498962402
-107.35961151123
-118.417930603027
-95.3817291259766
-99.1192855834961
-96.8543548583984
-63.9765129089355
-62.3369560241699
-44.5383186340332
-76.7617263793945
-8.77872180938721
-6.64506816864014
-20.3350887298584
46.2818489074707
-10.9719705581665
-49.3114547729492
-116.79354095459
-106.291404724121
-100.319892883301
-119.026611328125
-109.132209777832
-92.2804641723633
-85.9098892211914
-81.5046691894531
-73.3702239990234
-62.7230529785156
-67.9221801757812
-94.8288269042969
-115.791160583496
-101.218894958496
-111.748901367188
-130.30256652832
-125.161392211914
-153.719619750977
-149.941360473633
-138.756820678711
-127.787109375
-80.9793090820312
-105.247741699219
-107.923248291016
-67.3701858520508
-93.2874603271484
-77.5559310913086
-69.0534439086914
-64.9487686157227
-70.8801803588867
-108.920356750488
-122.308448791504
-91.843132019043
-121.436111450195
-108.224487304688
-89.6690521240234
-117.603851318359
-119.033470153809
-84.7939910888672
-85.5253829956055
-36.3112907409668
20.4675426483154
-30.7533550262451
-44.9252319335938
-25.6549777984619
-90.1185989379883
-67.933952331543
-74.5300979614258
-88.1176910400391
-98.5658493041992
-95.8288345336914
-114.631423950195
-128.567428588867
-104.80525970459
-119.430801391602
-112.914817810059
-138.2724609375
-104.848350524902
-112.473983764648
-83.1321640014648
-81.6639862060547
-81.781364440918
-110.672088623047
-127.789566040039
-89.9485855102539
-108.088394165039
-105.314033508301
-90.9280624389648
-131.219772338867
-109.474220275879
-119.21932220459
-120.413688659668
-122.300819396973
-114.276184082031
-122.462127685547
-132.984939575195
-99.0103530883789
-55.270824432373
-42.2319793701172
-74.7402877807617
-69.9983139038086
-69.2517395019531
-53.013786315918
-65.8820190429688
-90.0722885131836
-126.509674072266
-129.101867675781
-91.0909042358398
-107.97233581543
-103.989295959473
-108.551856994629
-139.476226806641
-117.781562805176
-108.294929504395
-87.493522644043
-86.7809906005859
-55.8238830566406
-107.379325866699
-60.7720527648926
-59.0660362243652
-39.7600898742676
-49.4424324035645
-55.8501510620117
-53.769458770752
0.578797280788422
34.4145965576172
26.565845489502
-2.46944427490234
1.48172569274902
-17.5658721923828
-24.2203578948975
-43.3598213195801
-67.3035049438477
-12.958384513855
-5.99215507507324
6.24341678619385
-6.28242778778076
-33.6194381713867
-54.9355583190918
-86.8436965942383
-84.3396072387695
-90.8650207519531
-73.3202056884766
-54.2036552429199
-57.3849792480469
-73.5965576171875
-47.4987258911133
-30.698802947998
-38.5206832885742
-28.3291244506836
-24.3150424957275
-43.9017868041992
-51.4561538696289
-36.1002349853516
-61.3510246276855
-96.8542633056641
-75.2421646118164
-104.945007324219
-85.6805572509766
-129.254745483398
-106.969589233398
-115.560913085938
-78.8123016357422
-90.3936996459961
-79.3321380615234
-82.2873611450195
-85.4455184936523
-84.7360458374023
-137.346755981445
-87.1201248168945
-89.664306640625
-99.2938995361328
-122.14134979248
-88.3431854248047
-74.8494033813477
-121.592658996582
-112.51050567627
-126.967910766602
-140.420928955078
-137.084869384766
-120.192092895508
-145.99658203125
-122.390495300293
-105.254783630371
-100.452644348145
-90.0720825195312
-80.2882461547852
-81.4588012695312
-123.828620910645
-122.175231933594
-106.858291625977
-88.0418319702148
-81.0594482421875
-73.0461120605469
-77.966552734375
-89.4236679077148
-93.3637542724609
-105.401741027832
-94.1348648071289
-102.053871154785
-114.599609375
-52.8017387390137
-18.9357872009277
-18.0361919403076
36.3479690551758
24.2184829711914
29.6057834625244
48.7659912109375
41.1910362243652
43.1596298217773
4.60680150985718
-87.7631530761719
-107.913627624512
-108.099494934082
-150.144790649414
-139.382186889648
-129.551315307617
-124.521995544434
-129.029724121094
-109.236175537109
-111.869430541992
-97.9948196411133
-92.506950378418
-122.695137023926
-131.453247070312
-119.395080566406
-121.277572631836
-131.830184936523
-131.763290405273
-96.9818115234375
-84.9586334228516
-99.2361297607422
-79.8108062744141
-114.876808166504
-112.006637573242
-98.5220794677734
-126.793334960938
-105.017395019531
-104.271461486816
-88.1172866821289
-78.0717926025391
-77.9294128417969
-75.8193130493164
-94.8885650634766
-99.0327987670898
-90.7822341918945
-88.2258834838867
-124.766311645508
-85.1961975097656
-109.790046691895
-69.4850387573242
-42.653450012207
-24.5599784851074
-14.9362850189209
-20.3688201904297
-40.5196380615234
-48.6098022460938
-103.149940490723
-81.2428817749023
-107.930541992188
-126.259315490723
-125.683128356934
-118.051956176758
-115.343170166016
-106.381477355957
-42.8809661865234
-42.7407493591309
-75.0044326782227
-65.3025207519531
-57.0331077575684
-42.3472900390625
-79.0566940307617
-44.2863960266113
-73.4786987304688
-66.3415451049805
-60.2778511047363
-70.6628875732422
-70.6952667236328
-83.6744232177734
-83.1168365478516
-51.0847282409668
-56.1528129577637
-28.8773670196533
6.80116319656372
-18.8034362792969
-24.8757667541504
-40.8021049499512
-32.1581954956055
-66.635986328125
-62.0739784240723
-78.7595977783203
-75.5793228149414
-64.8069763183594
-62.515064239502
-43.7869873046875
-64.8489532470703
-66.4002456665039
-92.3384704589844
-109.895492553711
-115.741065979004
-93.6329345703125
-103.884948730469
-92.1065368652344
-78.2164916992188
-91.1839370727539
-83.5286483764648
-78.3387985229492
-83.4369430541992
-123.950073242188
-116.516555786133
-126.673927307129
-111.270736694336
-96.7065277099609
-81.6518707275391
-91.85986328125
-97.7294769287109
-115.76530456543
-112.560958862305
-91.7610015869141
-116.385200500488
-125.198600769043
-122.797859191895
-85.47607421875
-91.6081085205078
-70.158561706543
-94.8437118530273
-107.690559387207
-101.676498413086
-91.5389556884766
-81.5034561157227
-56.3118438720703
-64.2830657958984
-110.253433227539
-134.320251464844
-110.743537902832
-112.571426391602
-123.219665527344
16.9408435821533
11.8169374465942
-10.6735515594482
-27.3443622589111
-5.34036827087402
-3.61482810974121
16.8630962371826
-7.14959955215454
-43.7488174438477
-60.412483215332
-47.4658012390137
-44.983757019043
-8.15366077423096
-42.7403182983398
-40.4706535339355
-49.9360237121582
-64.6158218383789
-50.4793853759766
-61.7813949584961
-26.0677452087402
-5.59501886367798
8.03993988037109
-5.42547941207886
11.7926940917969
53.0163497924805
35.7621269226074
-60.7067756652832
-97.353271484375
-96.1592025756836
-74.783447265625
-34.0880355834961
-15.0112218856812
-2.5002064704895
-6.80791330337524
-5.88224840164185
-10.633996963501
-26.4336929321289
-12.0963144302368
-37.8752365112305
-16.9185771942139
-22.6269798278809
-54.6969337463379
-51.357177734375
-48.4376411437988
-85.7354507446289
-91.3692169189453
-67.0250015258789
-83.0534133911133
-86.986083984375
-67.3813018798828
-64.4520416259766
-78.1983184814453
-64.3022308349609
-89.5530853271484
-82.2953414916992
-59.8782577514648
-33.5416679382324
-96.0052337646484
-68.3264465332031
-41.8717575073242
-34.8178634643555
-30.2572441101074
-100.65837097168
-130.698303222656
-132.524261474609
-124.458061218262
-79.4619293212891
-80.4025421142578
-83.1174087524414
-78.0082092285156
-86.50048828125
-76.1022644042969
-43.4196586608887
-52.1576042175293
-52.7001914978027
-54.6711616516113
-45.0809326171875
-29.0827140808105
-32.6876182556152
-20.2875823974609
-29.8432598114014
-49.4067611694336
-25.1929130554199
-34.6542510986328
-50.5644912719727
-11.8367729187012
-30.5056858062744
-32.1937828063965
-50.7513961791992
-33.1966323852539
-13.6220617294312
-32.9898338317871
-1.50258660316467
-16.6130657196045
-16.1665000915527
-35.7292747497559
-31.6559200286865
-21.2827835083008
-39.6397666931152
-36.7923545837402
-30.6144351959229
-25.0082416534424
-23.4721736907959
-20.774715423584
46.2816543579102
33.6517295837402
11.5675792694092
-12.0371417999268
15.417200088501
17.4209785461426
0.0552713572978973
8.81705760955811
14.8570909500122
30.0825233459473
49.3539657592773
49.771427154541
8.9857234954834
32.8712997436523
4.62393808364868
-24.7463493347168
21.9489288330078
15.8194990158081
0.0883790925145149
-18.9290294647217
-13.4612131118774
19.0245456695557
10.6464586257935
3.51846480369568
46.2848243713379
13.9151458740234
10.8763799667358
-10.8895044326782
23.3706512451172
31.2156372070312
38.2086181640625
57.3336219787598
58.9366798400879
30.9506416320801
-18.4592208862305
6.40452432632446
14.2213573455811
38.2814598083496
0.401582390069962
16.403995513916
-16.1285915374756
-2.0806884765625
-13.9763154983521
2.50450992584229
6.56219816207886
5.66786527633667
43.7674369812012
40.1602439880371
2.50925970077515
4.99426794052124
-22.7049312591553
0.698541402816772
-32.2373733520508
-42.1640930175781
-38.1627426147461
8.53705596923828
-15.9981203079224
15.6898059844971
31.7931175231934
8.61050415039062
16.4708499908447
2.80656790733337
31.1997661590576
-12.6218929290771
-29.2437286376953
-40.3272132873535
-26.2677021026611
-18.9521331787109
-18.5496692657471
-23.0899639129639
-0.560626447200775
28.6907920837402
69.8056030273438
50.0212211608887
61.8500137329102
72.7667388916016
57.3236312866211
22.2253875732422
65.7888031005859
43.4222297668457
6.71812677383423
23.8960456848145
19.5417156219482
-8.01039695739746
-14.8168954849243
-18.5596332550049
28.4834651947021
-6.3985743522644
2.86108064651489
-1.82436263561249
5.20812225341797
35.1068344116211
-21.9460468292236
9.2621021270752
52.201904296875
70.5236663818359
54.9850540161133
55.9036750793457
60.4782295227051
19.2472915649414
32.6367721557617
31.1571273803711
43.5887145996094
27.2826671600342
63.8092842102051
86.2544708251953
68.9313583374023
43.10546875
56.3842124938965
62.8431930541992
53.8249969482422
77.8925094604492
14.8848009109497
-11.1103210449219
-24.1374969482422
-11.0025987625122
-8.7850227355957
32.0534477233887
28.8831005096436
5.78678560256958
16.5214004516602
21.6057643890381
43.804988861084
34.4150848388672
68.5037002563477
74.3513793945312
71.9580993652344
67.5513076782227
60.272403717041
72.8293838500977
48.5161476135254
44.0578918457031
38.7621383666992
37.9250526428223
26.0688171386719
23.6726951599121
53.1344680786133
41.2828216552734
30.9147815704346
53.5144309997559
5.91227054595947
9.74661159515381
62.3200798034668
65.4406433105469
79.9462432861328
45.6452255249023
-10.1031980514526
-10.9267997741699
-11.7112522125244
-60.9413070678711
-38.5887451171875
-23.57301902771
-59.0007667541504
-90.7585067749023
-81.1477737426758
-47.7005767822266
-52.0669593811035
-54.8213882446289
-39.3707656860352
-34.4303817749023
-47.5057716369629
-41.4488258361816
-31.5565242767334
-46.513744354248
-45.4140701293945
-31.8731250762939
-40.228443145752
-54.5976943969727
-27.8538608551025
-46.880989074707
-62.4854393005371
-48.7641983032227
-25.897497177124
-40.4745330810547
-42.3223648071289
-15.7509613037109
-11.504246711731
-20.0494632720947
-20.5853137969971
-37.5588226318359
-32.942554473877
-27.3799953460693
-13.5011138916016
-5.69027614593506
-21.5120525360107
-14.210186958313
-16.4388980865479
-30.3240165710449
-27.0025863647461
-34.4723815917969
-29.1421566009521
-11.2662076950073
-21.6603603363037
-15.409031867981
-22.2416610717773
-21.6362228393555
-50.9092826843262
-35.4236640930176
-25.7086658477783
-35.5534744262695
-30.1020755767822
-32.200626373291
-0.747156620025635
-14.0583581924438
1.77296996116638
24.3087882995605
25.4542903900146
9.63412570953369
1.5923672914505
2.56594610214233
-14.9447889328003
-24.7167148590088
-20.8277454376221
14.8705110549927
-15.8668146133423
17.2053413391113
-7.9062442779541
-9.74318790435791
26.4309024810791
24.0093002319336
57.4652671813965
70.2647399902344
148.936279296875
109.536804199219
97.0085983276367
76.6503601074219
131.476181030273
107.770088195801
23.9897270202637
-26.3056526184082
30.4859657287598
1.94797217845917
19.2472629547119
-41.1956367492676
-36.8955688476562
-20.1677951812744
-7.86478996276855
0.0735899209976196
-5.9264702796936
55.6811027526855
60.8579902648926
60.2336769104004
33.1599922180176
23.5179214477539
68.6673965454102
63.9700660705566
78.432731628418
73.7014389038086
61.7909889221191
70.5686264038086
58.1969871520996
56.4673919677734
68.1437759399414
91.2131805419922
83.112922668457
55.6268119812012
96.4380111694336
74.7423095703125
53.7516746520996
56.8838119506836
23.8419132232666
37.5194282531738
56.7590370178223
73.9040756225586
81.5739593505859
44.9108772277832
62.5970802307129
47.144172668457
73.8847351074219
79.4771194458008
86.9770965576172
61.8193168640137
61.3940353393555
61.1741104125977
36.1109771728516
31.4256324768066
-15.6476926803589
4.73103380203247
-26.8265857696533
-9.92344093322754
-1.82966780662537
10.4714107513428
-0.410627096891403
5.17233896255493
37.0262260437012
37.7366485595703
54.3820571899414
77.8577499389648
60.355583190918
142.11882019043
112.516288757324
137.568145751953
135.266189575195
145.968109130859
141.846954345703
149.346771240234
137.292449951172
116.105903625488
93.3912124633789
84.5544662475586
6.13267946243286
-6.7479944229126
0.243378341197968
-8.53543758392334
6.69498348236084
0.234399899840355
-1.79245841503143
-12.1683511734009
8.55924415588379
5.0428032875061
3.48049187660217
-36.0028266906738
24.2571907043457
15.957971572876
44.2947235107422
62.1669807434082
53.1207008361816
14.7531614303589
49.5064315795898
27.4713001251221
17.8159255981445
30.0522403717041
46.7294120788574
18.0920715332031
-48.6148414611816
-21.8630981445312
-4.72461223602295
-23.1825370788574
-25.697717666626
-26.6209182739258
-31.072286605835
-12.9862327575684
-24.9654216766357
-21.8633480072021
-25.7264785766602
-1.6998119354248
38.3657608032227
59.6363677978516
21.4743347167969
44.0189170837402
84.1857299804688
74.6710586547852
62.5421104431152
47.4225006103516
100.310279846191
104.349166870117
50.0956573486328
21.8987274169922
-1.03459584712982
-2.67080163955688
4.87472677230835
8.1169261932373
10.4282341003418
-7.14419937133789
-6.25695705413818
4.3151273727417
3.1927478313446
-5.5657958984375
8.20879173278809
42.6469841003418
6.16803550720215
-13.2905321121216
-24.4707107543945
10.2547340393066
18.8449287414551
36.8142127990723
30.0739555358887
25.059907913208
31.4738235473633
5.04460573196411
41.5846061706543
-29.0256175994873
-24.7853012084961
18.1492938995361
6.03383159637451
19.4940414428711
-4.53848838806152
-10.9777688980103
-14.1025791168213
-7.98758459091187
-20.1982612609863
-14.7643814086914
0.528050184249878
-19.6595726013184
41.7296981811523
57.8699607849121
28.6403999328613
79.3581771850586
92.9418563842773
37.155891418457
13.6587953567505
51.8324928283691
44.6666870117188
41.8552932739258
43.6722564697266
26.8104782104492
35.6991348266602
27.7419681549072
43.6481895446777
33.9875564575195
64.2550659179688
57.802173614502
28.876916885376
26.4131412506104
21.8024044036865
36.2548179626465
70.0683670043945
73.5222625732422
43.5639228820801
16.9478168487549
10.5473928451538
37.5246658325195
55.8437538146973
97.053352355957
74.4702529907227
44.3312339782715
105.969764709473
81.6201248168945
75.5997085571289
34.4503326416016
40.3111419677734
25.9932479858398
17.652286529541
24.183687210083
6.0017557144165
-12.6797046661377
-0.820042669773102
22.2164344787598
44.0076217651367
35.0098037719727
50.9885139465332
81.3405075073242
82.8109359741211
64.0129776000977
70.4056015014648
45.8472633361816
19.9916324615479
-13.1256074905396
-17.8238983154297
46.5878257751465
28.5963401794434
38.927547454834
46.1439437866211
47.3051452636719
14.6250762939453
-22.1902313232422
-17.8999309539795
-12.0675439834595
-46.261157989502
-28.1906776428223
-15.8404922485352
-24.2404708862305
-19.4036979675293
-21.3301868438721
-33.0277900695801
-7.51727342605591
13.7107124328613
19.042610168457
28.1149520874023
9.00593280792236
28.8820667266846
43.0156288146973
-9.11146640777588
25.7841281890869
30.3619613647461
28.3436470031738
21.0221824645996
17.9823722839355
11.8659143447876
-35.2565536499023
-25.1414356231689
-24.4766998291016
-53.6407737731934
-28.5695552825928
-34.2895736694336
-37.8341255187988
-27.0473575592041
-30.8440685272217
-33.7308540344238
-27.7202301025391
-31.6824970245361
-20.8598766326904
0.428455799818039
13.8544301986694
35.5678291320801
29.0305767059326
25.3449745178223
29.676685333252
14.9910287857056
-7.99955558776855
-13.6716175079346
-12.7864971160889
-10.4036273956299
4.41338062286377
4.59112358093262
-27.3954238891602
-32.4251136779785
-21.316234588623
-28.6067390441895
-39.6296463012695
-12.2280960083008
6.01654767990112
21.539888381958
-2.14197778701782
30.3037929534912
10.2194156646729
-0.428331613540649
-13.9290771484375
-35.8762588500977
-9.73138332366943
-31.8783664703369
-21.2434234619141
-13.109748840332
25.8972759246826
26.4329719543457
43.3004951477051
16.6127376556396
10.6144018173218
-7.46039867401123
-31.6155853271484
-7.15601634979248
22.9363746643066
2.91206860542297
6.04579544067383
4.06666135787964
-12.7757024765015
-28.5652465820312
-7.74271726608276
22.8859214782715
25.7311782836914
20.9807434082031
35.8270874023438
70.9340744018555
48.8835029602051
27.1058444976807
42.1636581420898
35.9906463623047
61.3119316101074
56.4711265563965
34.3153877258301
23.9359474182129
21.8895778656006
23.8097286224365
24.2883319854736
61.6627540588379
51.745002746582
64.2757797241211
81.032844543457
50.8531608581543
65.5507049560547
45.5803413391113
77.7690811157227
74.9666748046875
61.0413703918457
48.0399360656738
49.1395988464355
42.1163368225098
29.0262184143066
40.7132530212402
-7.62438297271729
23.4553546905518
16.7903594970703
-25.2567844390869
-21.1587753295898
21.8359088897705
33.8793869018555
0.751093745231628
-28.8317966461182
-27.2704963684082
-29.7534484863281
-15.3194694519043
-7.65931940078735
4.22168159484863
-5.47235870361328
-2.49788284301758
-33.5989074707031
-3.67806553840637
-27.3163318634033
-29.3981399536133
-40.5271339416504
-22.4274272918701
3.603919506073
6.72026252746582
-14.2980508804321
-17.2051486968994
-42.3822059631348
-36.752513885498
-43.720329284668
-33.9523162841797
-11.5032472610474
-9.87262153625488
-25.3916397094727
-15.1054573059082
-10.6738748550415
-25.8396053314209
-22.3453826904297
-10.4988050460815
-5.85485029220581
-18.4146995544434
-30.6630935668945
-20.0360946655273
-35.5307464599609
-27.6159477233887
-41.5446434020996
-11.3533697128296
-8.31830596923828
2.79992938041687
-23.9986400604248
-39.760139465332
-14.7048444747925
-24.6733150482178
-56.5516777038574
-23.3408222198486
-8.62173175811768
4.40779113769531
-20.3869800567627
-51.6887588500977
0.0903928503394127
13.0110321044922
-23.2298831939697
-31.4057445526123
24.3504753112793
-82.1834564208984
-28.0109481811523
-65.9914627075195
-33.3481407165527
-9.11093997955322
-13.6378355026245
-32.5530548095703
-32.1487579345703
-44.0336723327637
-29.4236450195312
-6.50066184997559
-57.7814903259277
-17.6352291107178
-36.8474998474121
-28.345874786377
-8.17486953735352
-25.3703079223633
-63.2722358703613
-35.3542213439941
14.012788772583
-15.2325325012207
-17.9381294250488
-14.646017074585
-37.0861282348633
-19.6207427978516
-1.76345908641815
24.924467086792
24.9296073913574
9.20264053344727
6.07004070281982
2.31175780296326
3.7231605052948
-4.0123348236084
3.74413728713989
17.506498336792
13.7316589355469
-19.8920707702637
-11.4963102340698
-30.1749897003174
-39.5887069702148
-85.3401184082031
-76.9367828369141
-8.17920875549316
-33.939811706543
-68.0345764160156
-73.7689895629883
-54.7187385559082
-101.189903259277
-95.8370742797852
-56.4701614379883
1.75074779987335
-20.7222881317139
-22.3449897766113
18.4466190338135
-1.07024157047272
3.45529627799988
-21.3848609924316
-23.4500732421875
-51.8866348266602
-57.3137969970703
-89.7231826782227
-87.5225067138672
-56.732120513916
-55.9111938476562
-51.3852882385254
-47.1190719604492
15.5210332870483
23.8594837188721
-21.0241813659668
-19.7850131988525
-16.418399810791
1.77252805233002
-70.302360534668
-21.1097373962402
-58.853099822998
-47.5191078186035
-75.9362030029297
-36.3710289001465
-39.080379486084
-22.8639125823975
-25.1626853942871
7.06016826629639
2.19525671005249
17.9462280273438
35.8126029968262
21.0535736083984
27.7789897918701
68.1111907958984
57.4634475708008
69.4915390014648
95.3603286743164
66.8416137695312
96.5323944091797
102.35432434082
96.8006744384766
65.7557373046875
90.4608154296875
88.3845520019531
120.232131958008
119.534233093262
100.388893127441
127.117401123047
146.254943847656
75.4086990356445
75.80859375
83.5501098632812
74.0363082885742
82.0913696289062
69.8030319213867
81.7310333251953
58.3975563049316
76.3617553710938
5.81607294082642
-12.1262216567993
-18.9266986846924
-88.5612716674805
-61.5074729919434
-42.8591117858887
-11.7967529296875
-25.4041404724121
53.0035820007324
75.7346267700195
60.7716789245605
6.08377361297607
-0.284794062376022
-4.92738246917725
-5.70159292221069
-8.7212610244751
-31.4640712738037
-29.9858226776123
-21.7092361450195
-24.3602352142334
29.1154708862305
43.0375862121582
52.1674842834473
35.5384788513184
28.1016178131104
30.0915603637695
-39.6562843322754
-3.96501851081848
20.4549961090088
-9.68732643127441
-5.65629196166992
-38.4194946289062
-51.2612037658691
-9.97796440124512
-4.74608755111694
-52.8796348571777
-41.4408721923828
-35.1005859375
-5.27908372879028
2.64051008224487
-31.6979427337646
-10.6898937225342
-2.28114819526672
-11.2748546600342
47.8519630432129
27.6622200012207
1.75744652748108
37.2186393737793
7.2913122177124
17.0647468566895
24.2877578735352
15.9891090393066
8.10429191589355
6.61477708816528
5.4884238243103
50.4363555908203
42.6172103881836
87.4735260009766
69.3805923461914
76.1440048217773
35.1114807128906
60.805290222168
78.590934753418
76.1408920288086
79.2466354370117
93.8121566772461
109.80802154541
29.1387138366699
26.099479675293
29.7317924499512
15.6150493621826
18.9185962677002
25.3871078491211
39.2738800048828
32.3196601867676
27.7682418823242
32.4917373657227
35.1835823059082
29.2177352905273
40.0440711975098
50.4549522399902
45.2032470703125
21.3436698913574
24.6943092346191
12.0505228042603
41.409797668457
36.2394142150879
-1.87584471702576
-7.54088020324707
20.6823043823242
-0.990977883338928
27.1122493743896
5.4304575920105
5.79459667205811
-1.93584358692169
1.93144643306732
0.287500202655792
13.6048259735107
9.25189781188965
20.4252548217773
15.5841588973999
9.51848125457764
8.27014064788818
16.9452209472656
-26.0029144287109
-25.0853290557861
14.4543914794922
5.68026781082153
44.6615333557129
34.060718536377
22.0016231536865
-9.71108436584473
4.19913196563721
8.70424747467041
-33.1804008483887
-19.5153312683105
-10.9382753372192
-1.14055526256561
27.898754119873
35.1609878540039
10.0412130355835
2.43476366996765
26.5382900238037
43.0054206848145
28.367919921875
-0.41817381978035
10.2855710983276
12.2167329788208
10.4683809280396
9.94319438934326
0.369470536708832
27.9088268280029
32.8152008056641
42.0856437683105
26.4843502044678
30.3878154754639
24.8627071380615
11.0093193054199
5.51126098632812
16.0549869537354
-9.56849956512451
-12.5220584869385
-11.6064338684082
-9.39250564575195
10.2113399505615
18.7905960083008
4.10773420333862
2.51660895347595
-22.4314250946045
-37.5947074890137
-41.0728187561035
-36.615478515625
25.9780769348145
25.0503101348877
25.4172439575195
32.8160209655762
58.4473037719727
58.8951530456543
52.5988693237305
55.9989356994629
23.207103729248
43.088680267334
-10.0573129653931
-0.0585586279630661
-20.6143321990967
6.18166303634644
38.0980453491211
18.700023651123
-6.28823947906494
-0.811369359493256
22.6724967956543
15.810736656189
-26.1405963897705
-22.7517967224121
-26.0177383422852
-15.9732131958008
0.084535039961338
54.2141075134277
22.602912902832
12.4979009628296
4.13847637176514
-14.5662488937378
-27.0140247344971
-6.53984022140503
-12.6146612167358
-13.0705146789551
-57.520191192627
-71.8932800292969
-43.6959381103516
0.12704886496067
35.7466583251953
23.3756618499756
19.2416400909424
19.6266555786133
-5.176025390625
-3.0142707824707
-22.6980075836182
-13.8802127838135
-36.7557182312012
-56.0243110656738
3.33189702033997
13.9589805603027
27.491325378418
11.6163702011108
17.0638008117676
-13.9488801956177
10.0401906967163
-4.17857027053833
1.30203104019165
-5.44263792037964
-32.1779937744141
-54.9705200195312
-4.76544570922852
-0.579695701599121
31.7538776397705
13.5152940750122
66.6613998413086
32.396411895752
31.0278511047363
44.9669418334961
22.8362464904785
14.475902557373
30.5908946990967
9.67056465148926
30.5851650238037
78.9766616821289
41.194995880127
11.0997114181519
40.3436241149902
29.1400127410889
19.1021881103516
27.1509342193604
4.01334857940674
31.3703765869141
21.4565448760986
-30.6711101531982
28.7835865020752
22.4188537597656
18.117748260498
46.6785125732422
36.4843864440918
30.602165222168
44.7396469116211
80.0047912597656
41.2106056213379
29.4929332733154
50.4433631896973
66.8665466308594
71.4399032592773
72.4087982177734
26.3713092803955
28.2865409851074
9.20214080810547
-0.66419792175293
-8.46545314788818
-4.34568405151367
12.1134662628174
19.7704257965088
6.76081609725952
20.0780067443848
-8.30660915374756
-5.92168283462524
31.2877655029297
34.2179183959961
55.712230682373
42.7767219543457
51.9444923400879
32.813850402832
16.7334117889404
27.4700756072998
62.5031318664551
55.5961761474609
51.5249443054199
8.56293964385986
47.5724067687988
7.47132062911987
-32.6189231872559
-44.4190330505371
-34.9847869873047
-50.3877449035645
-72.4562835693359
-50.845157623291
-50.2795753479004
-40.1222801208496
-1.28152418136597
-39.0254707336426
-0.595609188079834
46.6881484985352
21.552942276001
37.4100303649902
95.2232513427734
87.5296630859375
60.5263290405273
33.6664695739746
60.0868377685547
39.2073822021484
46.8247909545898
95.0088195800781
119.662040710449
104.990341186523
112.544410705566
83.0069961547852
59.8741149902344
48.369010925293
44.2157745361328
18.3824863433838
15.0761499404907
40.740608215332
56.6067848205566
79.2770080566406
83.8324356079102
78.5670928955078
66.6786117553711
77.0119857788086
71.3821868896484
55.1472320556641
26.3069877624512
-10.8906650543213
-10.6017417907715
-32.6564407348633
24.0776748657227
55.8266220092773
111.788299560547
118.572486877441
62.4962463378906
68.135627746582
31.8425598144531
45.303882598877
22.5681457519531
29.5363807678223
28.3883972167969
37.4670867919922
65.6073150634766
64.4783477783203
58.383602142334
79.2489395141602
79.8510208129883
79.4418869018555
70.8836212158203
58.5888748168945
54.7287788391113
46.8479309082031
48.5726585388184
31.984094619751
32.0444450378418
63.0605735778809
76.1250839233398
101.24732208252
84.9294052124023
98.9939270019531
121.961669921875
106.902221679688
73.1065673828125
62.1157341003418
75.1790542602539
73.5036773681641
101.418533325195
82.192253112793
84.4165954589844
75.3876495361328
90.5784683227539
80.9930191040039
43.436840057373
22.4345684051514
1.01719057559967
-6.47739553451538
-4.53525257110596
-11.5140743255615
46.7001838684082
43.3515968322754
64.9658203125
74.8429412841797
56.895622253418
56.8390159606934
38.4817581176758
40.6896667480469
15.8915586471558
30.2173118591309
5.87471914291382
2.11033082008362
36.5397415161133
63.6382026672363
44.6749229431152
41.9222183227539
32.6308326721191
52.2030982971191
50.5378112792969
50.1471939086914
9.59445571899414
15.1034517288208
22.6214008331299
17.871753692627
-1.2090904712677
22.1266250610352
17.3252296447754
-3.36500000953674
-13.777756690979
-61.8681526184082
-48.6921653747559
-9.79892826080322
-9.42062568664551
1.44270181655884
-33.5024757385254
-41.5219688415527
-40.8543281555176
-7.27678442001343
-17.6552391052246
-17.9026279449463
8.85323047637939
12.1843776702881
-2.94550037384033
3.15136933326721
-2.3686671257019
19.9982891082764
-3.57194685935974
14.6624851226807
-8.67583274841309
44.7375526428223
-7.61806011199951
35.3828315734863
11.5146083831787
3.45092391967773
-6.60442495346069
-18.0721416473389
-29.444185256958
-52.9606781005859
-9.54689693450928
-43.0718116760254
-25.9084453582764
-13.1274070739746
-15.6635475158691
-9.80935668945312
-2.08474898338318
5.09695816040039
6.69171857833862
16.6055240631104
3.8631706237793
-9.40312671661377
-7.84317636489868
-29.2099437713623
-28.9221515655518
-9.82135963439941
-23.2926120758057
-59.3713073730469
-41.7362976074219
-40.126781463623
-62.7722625732422
-94.4021224975586
-105.032417297363
-95.2007141113281
-125.94898223877
-106.125938415527
-74.9180297851562
-32.0214462280273
-35.3253593444824
-30.3887538909912
-27.966760635376
-11.3829517364502
-31.1671924591064
-26.5945529937744
-29.8688831329346
-42.4420013427734
-44.6854057312012
-50.7501678466797
-68.3612365722656
-19.1842746734619
-18.5899963378906
-25.3648147583008
-49.2384376525879
-45.1370162963867
-27.5345897674561
-79.6730575561523
-80.0619125366211
-66.4697113037109
-80.768196105957
-71.3580627441406
-63.1838188171387
-49.6291923522949
-29.1481647491455
-32.1575012207031
-49.0378379821777
-37.3460426330566
-30.282075881958
-0.642763674259186
-17.6458053588867
-24.8484935760498
-16.4810943603516
-42.3609237670898
-15.7573661804199
6.15437889099121
13.4999074935913
-6.65595865249634
-27.80930519104
-48.0823287963867
-42.8425827026367
-39.6309051513672
-49.0621871948242
-43.6006393432617
-84.9183120727539
-71.1853332519531
-88.8024139404297
-30.5783653259277
-53.7123031616211
-19.1545352935791
-8.7248363494873
-7.56427526473999
-4.84761524200439
17.5606632232666
0.650850534439087
11.1306400299072
20.1846313476562
-7.78393030166626
23.4688930511475
54.5680160522461
42.1749153137207
36.6257629394531
15.9717969894409
-59.7356719970703
-36.7643852233887
-21.5518684387207
-10.8996248245239
-4.37745714187622
-10.6998310089111
-22.282642364502
1.30613362789154
7.21389770507812
17.9393634796143
27.255744934082
17.1234645843506
24.3599395751953
-8.36627292633057
-2.83410787582397
-3.65552258491516
-6.63520669937134
-16.0840511322021
-30.6491527557373
1.64375460147858
31.5756397247314
31.3801517486572
-0.304304480552673
-6.44343900680542
12.5933780670166
31.9518547058105
21.4996337890625
-15.7829542160034
-0.732745945453644
13.2408790588379
33.1782035827637
34.3491592407227
39.5732765197754
59.1162986755371
25.9149227142334
-3.85599088668823
10.8754291534424
35.4207191467285
49.1966705322266
25.1385040283203
17.8179626464844
10.740140914917
20.9144687652588
-13.9474382400513
12.0716047286987
20.6116123199463
14.8216133117676
14.6338386535645
34.0268173217773
26.9859504699707
25.0273628234863
16.1337490081787
21.5959796905518
13.2002353668213
-28.1061363220215
11.5898475646973
17.3006401062012
1.19773769378662
3.65471148490906
3.42892718315125
6.86547136306763
-2.34274101257324
-27.1314144134521
-18.5608005523682
-10.2456731796265
-9.79994487762451
-41.9468841552734
4.6333589553833
30.2734203338623
57.3944778442383
63.5632781982422
67.2272338867188
46.0446968078613
-26.694034576416
-45.6239318847656
28.1070537567139
10.5035648345947
19.1248512268066
53.800422668457
74.0055541992188
65.8509216308594
63.385139465332
69.7556533813477
60.7760429382324
54.7003593444824
64.2423324584961
82.8618240356445
58.6122283935547
35.1820487976074
32.2480201721191
31.6085090637207
13.8185300827026
49.6244087219238
90.5549621582031
49.6127471923828
88.0364227294922
84.5790710449219
89.5574340820312
70.3628158569336
23.1475124359131
16.5922698974609
40.538990020752
51.4460144042969
66.3054046630859
28.5356178283691
14.746865272522
13.1183156967163
19.2967262268066
17.39919090271
41.3511695861816
34.8134536743164
33.4494438171387
41.2521209716797
53.8042755126953
37.9277801513672
45.4862594604492
27.0740356445312
41.6817321777344
52.0347557067871
56.5559463500977
52.21337890625
71.6613311767578
71.605224609375
58.3500518798828
53.3744201660156
43.9822273254395
43.4707794189453
35.8203315734863
62.7241744995117
39.4225730895996
35.4681282043457
49.472469329834
49.3714332580566
-3.05172824859619
7.66396903991699
4.69305276870728
-1.45159125328064
11.7216234207153
0.782406270503998
-4.50336790084839
1.25968301296234
-7.86273384094238
22.448299407959
19.1244812011719
7.53866863250732
1.88596332073212
17.0955104827881
-2.64305639266968
11.4825382232666
-9.38415622711182
8.91490364074707
27.4434413909912
36.380054473877
11.2332286834717
-1.89929664134979
5.57778644561768
21.4287700653076
124.558219909668
24.9445171356201
3.88824725151062
11.4975166320801
17.4291839599609
18.0898284912109
21.8407955169678
-2.47665667533875
-8.6336784362793
-27.4383182525635
-42.9847450256348
-34.810489654541
4.7316951751709
2.08102941513062
-9.67711925506592
-4.08491945266724
-8.69097232818604
-34.0064277648926
-12.6216411590576
22.5383052825928
1.33454740047455
15.692081451416
25.5071926116943
21.7901477813721
29.4126415252686
29.1664161682129
31.4429702758789
8.50692558288574
19.1741046905518
35.3036308288574
49.2174606323242
14.2152061462402
27.4648265838623
10.7917671203613
-19.4549980163574
12.2599506378174
53.7194976806641
26.1282558441162
21.3981838226318
30.047830581665
32.2615699768066
38.4671287536621
18.8438053131104
21.0524482727051
-4.76356649398804
5.65174913406372
10.2724990844727
-20.0687046051025
-13.6090412139893
-30.4818229675293
-33.7921333312988
-29.0639629364014
-37.6505088806152
-21.1358032226562
0.884225785732269
-6.71166467666626
15.9900932312012
34.6207733154297
44.8363800048828
8.09506797790527
54.9521255493164
130.880325317383
56.1902961730957
19.5309410095215
41.4512710571289
5.40612602233887
12.7159729003906
16.9279441833496
9.46925735473633
-9.06396770477295
-11.7490215301514
-25.5613574981689
-10.5142288208008
-16.2945919036865
20.2124519348145
25.8519401550293
-0.705871880054474
12.2906446456909
6.83469247817993
32.3340034484863
62.0359992980957
74.316535949707
100.927238464355
71.4374923706055
152.786315917969
180.11164855957
132.630233764648
122.766983032227
51.3956718444824
58.7367553710938
49.8234596252441
80.3288650512695
46.3772964477539
53.710865020752
40.8684158325195
32.6826438903809
38.3183708190918
51.6767272949219
52.9838752746582
53.6012115478516
46.2867012023926
75.5235366821289
70.9899291992188
79.4396438598633
122.254913330078
120.600433349609
132.212600708008
92.6365280151367
86.4770202636719
63.174259185791
76.8426284790039
81.589714050293
96.5349197387695
78.2075958251953
124.809280395508
124.806098937988
100.139930725098
113.13697052002
98.6154632568359
101.174339294434
114.011009216309
91.0624084472656
120.278579711914
108.694923400879
75.8825759887695
108.580017089844
87.6315765380859
96.3043365478516
37.7595672607422
82.6582412719727
115.706504821777
112.188980102539
92.1638031005859
83.3955383300781
94.6269226074219
78.5084533691406
55.041072845459
141.784744262695
72.8134155273438
47.1049690246582
57.925235748291
65.6995544433594
63.7474365234375
62.5209350585938
38.1525917053223
58.483585357666
48.820930480957
50.0136947631836
33.2401084899902
26.68332862854
52.9036293029785
56.1499557495117
50.2187309265137
45.4746856689453
71.1561889648438
101.243438720703
103.942832946777
94.668098449707
110.476737976074
102.344673156738
69.7023086547852
49.7794952392578
46.8406181335449
75.2420349121094
93.9813079833984
87.7685623168945
63.717155456543
60.5891876220703
72.7447128295898
45.8550071716309
45.7582015991211
54.2390251159668
83.0574111938477
68.6137542724609
68.873908996582
65.1841049194336
94.8487243652344
112.27173614502
150.715026855469
154.930358886719
123.77579498291
151.969451904297
167.547576904297
156.054626464844
130.913558959961
114.021202087402
110.125427246094
145.711288452148
101.550590515137
101.159690856934
59.7822494506836
105.717292785645
106.909934997559
59.4803848266602
28.4336204528809
36.6259269714355
11.4726495742798
22.6120738983154
38.758415222168
32.7107048034668
59.2158164978027
81.2849197387695
58.5329933166504
41.0188636779785
30.7508029937744
47.8063850402832
49.5139541625977
54.1020584106445
66.8961791992188
50.7126884460449
46.1408767700195
66.5050048828125
55.3718566894531
68.0606460571289
72.9072799682617
64.9603271484375
72.4042816162109
61.1657943725586
75.0790557861328
57.2861099243164
31.6123695373535
40.4321746826172
74.831672668457
46.3516616821289
71.5800018310547
47.5527458190918
20.4591445922852
35.0212364196777
30.8100719451904
45.8373336791992
60.3088150024414
42.0408515930176
33.998722076416
56.6563873291016
29.8140449523926
61.177978515625
73.8105926513672
85.9881896972656
53.4476852416992
80.0984878540039
72.4630966186523
77.5351333618164
90.7914352416992
67.7592391967773
48.5908851623535
59.2677154541016
76.5599594116211
51.0351943969727
63.2048034667969
25.8560028076172
18.3126831054688
32.3732833862305
21.1982822418213
20.3976726531982
23.8003177642822
10.3812656402588
26.769495010376
7.75879335403442
53.4655456542969
62.4807090759277
21.4636497497559
63.4588623046875
46.9289932250977
61.3477821350098
64.201545715332
62.6413993835449
40.09326171875
55.4908905029297
29.3021183013916
66.1099090576172
63.277587890625
54.4220657348633
42.4015808105469
35.1445045471191
-13.5105400085449
39.4404983520508
5.22240018844604
28.8552703857422
21.3920650482178
32.7190856933594
40.3331451416016
28.7492446899414
26.1782398223877
28.05784034729
-0.903255879878998
19.8717555999756
-16.4476585388184
11.8782072067261
5.42729234695435
11.3994760513306
31.7630023956299
61.0404891967773
40.0775604248047
7.88685941696167
-20.6114082336426
53.9228019714355
11.0708227157593
25.5666675567627
41.136360168457
60.6774520874023
57.0319175720215
63.7351493835449
71.0699996948242
86.6932220458984
57.6613464355469
38.7455558776855
37.7559776306152
74.3249893188477
66.7985763549805
66.0063247680664
50.000804901123
59.5888519287109
47.6746253967285
0.490067332983017
23.9527130126953
3.7820303440094
16.2808799743652
-46.890007019043
-42.5651206970215
-33.9165000915527
-41.9590454101562
-49.0171737670898
-24.2269058227539
25.6076564788818
-29.0204830169678
-19.4427452087402
-35.8018569946289
-76.011848449707
-43.9582366943359
-48.7186851501465
-23.9109230041504
-62.9684410095215
-37.3617858886719
-27.79416847229
-60.3364486694336
-76.7699890136719
-49.3533554077148
-41.4974746704102
-93.0195388793945
-39.103572845459
-63.3264274597168
1.70525085926056
24.8124217987061
-17.6769752502441
51.0501976013184
54.3973503112793
73.7109603881836
41.3689308166504
63.8189544677734
75.0242462158203
82.6717910766602
85.0460586547852
73.1661758422852
40.4381103515625
37.2210655212402
62.0792045593262
35.7126426696777
59.6631698608398
-4.54782772064209
49.9325218200684
55.473690032959
8.43988227844238
32.5469856262207
39.3235092163086
27.2611637115479
0.655895292758942
-28.2564697265625
-0.204467937350273
-2.05154800415039
7.50851917266846
26.5581092834473
12.1836090087891
26.6920051574707
-18.4721298217773
6.46317052841187
-20.1232967376709
-32.8264312744141
-105.022155761719
-36.2107620239258
-45.3712768554688
-32.1885566711426
-41.4402389526367
-63.1146621704102
-43.2269706726074
-31.8482398986816
-44.5822486877441
-17.5129470825195
-46.9770965576172
-49.7917633056641
-29.6335926055908
-49.6574592590332
-45.2968521118164
-66.1667785644531
-44.85205078125
-84.9649429321289
-12.7359809875488
-19.0625762939453
-1.35076463222504
-6.05472660064697
-15.770658493042
-13.3917655944824
-61.0068054199219
-53.510181427002
-80.6528091430664
-77.2810897827148
-77.1171951293945
-96.6535034179688
-81.5608139038086
-62.4128532409668
-93.7033767700195
-80.9862518310547
-63.7850685119629
-73.066780090332
-34.8789138793945
-69.0080718994141
-56.4264640808105
-55.4087448120117
-86.222038269043
-80.6599197387695
-57.1845054626465
-57.122501373291
-43.6181335449219
-40.3920211791992
-32.3907279968262
-21.3906383514404
-32.8950576782227
-13.8258609771729
-21.4281597137451
-26.9256916046143
-23.1550807952881
-51.8931770324707
-66.0811996459961
-18.185489654541
-19.0646591186523
26.3209133148193
30.4790496826172
23.749870300293
29.0310020446777
63.7087783813477
30.1506633758545
-1.85870802402496
-21.2208023071289
-25.7043056488037
-20.8245887756348
-42.5658721923828
-39.9395523071289
-49.4770812988281
-35.2755889892578
-40.7159881591797
8.59480094909668
17.0583057403564
7.91014862060547
60.7270050048828
43.6746101379395
14.5045480728149
-27.3904361724854
-23.346284866333
-18.4235763549805
-9.06148242950439
-41.2969169616699
-35.679141998291
-32.2353477478027
-19.4090270996094
5.0082573890686
15.8177604675293
3.08462929725647
-17.8960628509521
1.22991859912872
-10.088303565979
-13.4359312057495
-28.0040531158447
-4.06391525268555
-7.266921043396
-25.0133953094482
63.2436447143555
60.9801635742188
12.9360418319702
-3.84541201591492
-19.7145023345947
-18.2834072113037
-38.3691825866699
-40.3783912658691
-43.3348579406738
-53.2203903198242
-70.4525680541992
-45.3311958312988
-48.3041458129883
-2.02450895309448
27.1396484375
-24.5770206451416
-16.7718982696533
-34.4123001098633
-30.3410892486572
-47.3299789428711
-34.8695983886719
-25.3300037384033
-26.9120025634766
-39.4625663757324
19.6284523010254
32.9882698059082
20.5017013549805
-21.4365291595459
-38.1117553710938
-7.17724609375
-43.6452178955078
-23.6100559234619
-23.496337890625
-37.6679344177246
-34.1126289367676
-58.9808921813965
-44.0320587158203
-32.0634078979492
-18.1968421936035
-56.9156875610352
-56.329761505127
-54.9077682495117
-47.0811614990234
-43.559139251709
-42.9023551940918
-59.9150123596191
-44.3741455078125
-45.0446739196777
-9.96191024780273
8.65051746368408
-10.8859987258911
5.50213050842285
-14.9719276428223
-18.343994140625
-22.4817733764648
-18.3936405181885
-2.36954808235168
-32.6998863220215
-17.7379512786865
-9.64658260345459
-3.6043860912323
-9.945481300354
-27.9426746368408
-37.4102745056152
-47.8642234802246
-45.8804054260254
-41.1886444091797
-81.9797439575195
-50.0576324462891
-50.4825325012207
-43.4109878540039
-50.5694160461426
-26.5124835968018
-12.5412702560425
-29.1108894348145
4.23904609680176
-8.73379421234131
-7.45902442932129
0.70317006111145
-17.261022567749
-31.7269687652588
-21.1433353424072
-29.515739440918
-9.65999031066895
-4.65596199035645
-19.805118560791
-23.0843257904053
-24.7032489776611
-34.7467575073242
-51.1008758544922
-44.9659996032715
-49.6001434326172
-55.153003692627
-41.4804382324219
-48.6005630493164
-32.5696334838867
-21.090274810791
-23.4714183807373
-20.9145603179932
-20.9569778442383
-12.8288593292236
-16.3981914520264
-33.6302108764648
-31.2473945617676
-32.9358863830566
-30.8181705474854
-21.9496421813965
-28.0435848236084
-44.7999954223633
-7.79817247390747
-31.3074512481689
-35.3577728271484
-64.2546615600586
-60.8497924804688
-80.7788238525391
-42.4991798400879
-70.5152130126953
-80.6907119750977
-56.1077690124512
-62.200309753418
-18.7106494903564
-21.3842296600342
-32.8256797790527
-18.6408615112305
-30.5308380126953
-47.7629890441895
-26.6005172729492
-68.2890625
-84.8107070922852
-63.8414154052734
-45.7642517089844
-75.4805603027344
-65.0509719848633
-14.8758392333984
4.39600801467896
17.0147590637207
19.004940032959
58.426326751709
27.6619281768799
37.2952919006348
35.8594093322754
50.8336410522461
39.1309013366699
23.9465522766113
26.062105178833
-43.6200828552246
25.7295875549316
-39.915958404541
-79.2588119506836
-50.1995582580566
9.23143100738525
9.87522125244141
15.1708498001099
-18.7298526763916
25.1920948028564
15.7600717544556
47.4660835266113
29.8023376464844
16.9520664215088
25.1839179992676
41.624210357666
4.88672256469727
-6.90358829498291
7.2291579246521
0.395204812288284
1.0340371131897
3.03471851348877
13.6888608932495
61.1031379699707
50.312614440918
49.5587043762207
20.9938297271729
3.78505110740662
-26.4929847717285
-76.2865676879883
-74.3710021972656
-63.2234916687012
-56.3297233581543
-63.3295478820801
-89.0323104858398
-99.1575393676758
-84.8798141479492
-53.915153503418
-61.022705078125
-84.4903182983398
-79.0371246337891
-87.155517578125
-75.3576889038086
-67.9353866577148
-54.2527885437012
-64.5529251098633
-34.6250152587891
-55.8835601806641
-58.0883636474609
-44.0562629699707
-28.0352172851562
-52.510440826416
-62.7883987426758
-30.2019062042236
-9.40416812896729
-20.7733669281006
-6.56187534332275
-2.39310336112976
-9.07948875427246
-8.91732406616211
27.7677021026611
16.256326675415
4.95720863342285
-16.3130626678467
-14.2854356765747
-23.2958793640137
30.41064453125
6.71746635437012
8.87090873718262
4.72989130020142
7.06063652038574
-44.2772827148438
-39.9882888793945
-27.1123828887939
-52.6299209594727
-72.0308151245117
-46.4434471130371
-98.2485275268555
-73.2715225219727
-95.3361053466797
-109.737403869629
-117.009307861328
-96.1473846435547
-84.7198257446289
-83.3552398681641
-82.035530090332
-47.3761749267578
-68.6873245239258
-60.4529037475586
-43.5542869567871
5.27579927444458
25.4242897033691
31.2559490203857
25.2018795013428
-54.1175956726074
-58.0269889831543
-43.0665512084961
16.8541622161865
69.2520751953125
93.0351333618164
83.0900955200195
71.1433715820312
62.2911033630371
46.3238563537598
70.4399719238281
50.2483863830566
43.7439727783203
67.7481384277344
72.4218444824219
27.0799674987793
15.8030862808228
-28.494478225708
20.0970363616943
-22.8605785369873
39.8666229248047
-4.87793350219727
-40.6888580322266
-46.9093551635742
-107.562576293945
-83.7374420166016
-84.8419952392578
-67.4257965087891
-66.0945587158203
-53.3441696166992
-55.1992874145508
-18.1714553833008
-21.0773620605469
7.20812225341797
69.9216995239258
17.6090030670166
20.8984413146973
-3.75613284111023
-15.8145961761475
-21.5449962615967
58.6726417541504
57.3564071655273
17.0304393768311
75.9347305297852
59.4663391113281
50.2281837463379
54.6995429992676
67.6900100708008
-26.68337059021
-29.4381523132324
-39.880256652832
-62.3184814453125
-18.9539489746094
-14.487325668335
-13.5875425338745
-12.888258934021
-18.8796215057373
-42.3678741455078
-15.4627418518066
-2.55132031440735
-29.0948257446289
5.54129123687744
-22.8044471740723
-21.1924419403076
47.1108360290527
42.3741989135742
45.6086616516113
114.802391052246
71.0940628051758
53.4250411987305
-14.6462450027466
-34.7892417907715
-46.4671516418457
-22.742488861084
-41.2771110534668
-44.734561920166
-65.7199478149414
-80.8790512084961
-43.4981956481934
-60.2537460327148
-43.5899620056152
-57.0516929626465
-40.196907043457
-75.7935180664062
-63.1144485473633
-75.65771484375
-78.9143981933594
-81.7606658935547
-1.88249397277832
-51.6803588867188
-36.7721290588379
-13.2852439880371
-37.966625213623
-39.1086883544922
-30.2151069641113
-41.2630386352539
-57.5832786560059
-38.7566146850586
-7.96334791183472
-15.4665565490723
-30.1811275482178
0.00322932959534228
-1.07514810562134
76.6753387451172
40.3805122375488
7.87630128860474
-11.4209671020508
-2.41930055618286
22.5294151306152
32.0639915466309
12.8442859649658
34.817310333252
65.3568725585938
96.5123062133789
125.47216796875
135.964691162109
170.732482910156
200.715133666992
182.639312744141
135.053588867188
169.411712646484
171.695037841797
213.191680908203
176.060562133789
213.0693359375
168.568939208984
162.32292175293
85.3120803833008
43.4150047302246
38.8904762268066
44.1533126831055
80.8232650756836
87.7268295288086
103.606170654297
83.7273712158203
133.474349975586
54.6942672729492
143.883819580078
159.903991699219
156.157211303711
138.935577392578
132.63981628418
109.441276550293
139.059814453125
116.2041015625
94.5235366821289
58.540470123291
29.8822650909424
26.0222434997559
7.07976722717285
8.92195510864258
31.8376789093018
24.5757141113281
43.9481582641602
22.3052024841309
64.4219589233398
69.1323471069336
60.6061401367188
54.5578689575195
81.6431579589844
101.984870910645
99.8061294555664
123.352432250977
148.262588500977
128.043380737305
156.055770874023
134.311080932617
105.169471740723
95.7651062011719
43.2764320373535
12.0155382156372
43.2598876953125
12.577675819397
34.8879089355469
50.7223243713379
58.135929107666
67.2641525268555
11.4256086349487
-2.14598917961121
-14.6836042404175
1.33836507797241
5.53081178665161
-29.1285533905029
-84.2353210449219
-20.4229335784912
-36.677661895752
0.559428036212921
35.2495155334473
12.9908075332642
-21.0590991973877
28.3900718688965
70.2915115356445
5.67908906936646
-38.3130111694336
-1.59108328819275
-0.593138635158539
9.38364315032959
-12.460301399231
5.29981136322021
-21.4047012329102
-9.49307727813721
-4.97326612472534
-9.01565456390381
-15.0042858123779
-24.1942157745361
-76.0152053833008
-56.737621307373
-46.8305244445801
-43.3809242248535
-11.7627573013306
0.0341630764305592
8.80572986602783
-70.5636444091797
-11.9719181060791
-49.3643035888672
-41.7633781433105
-49.7441749572754
-44.3592109680176
-35.113395690918
-29.7687454223633
7.02667808532715
4.42916107177734
131.145568847656
63.865592956543
195.308944702148
60.4368362426758
66.19970703125
77.7592849731445
77.4522094726562
69.9037780761719
49.9263954162598
45.4357681274414
66.8495101928711
69.3718643188477
44.6826095581055
77.0049133300781
-8.29330158233643
-20.2644119262695
-19.5694770812988
18.2343559265137
25.0527992248535
15.835412979126
44.9700736999512
20.4329833984375
25.2798252105713
4.47249031066895
0.869548916816711
64.4936904907227
112.260902404785
74.0685882568359
71.1153182983398
50.9244766235352
63.4855461120605
106.116874694824
145.628936767578
38.650146484375
38.9568367004395
70.7929077148438
80.4055709838867
64.8645935058594
29.988151550293
60.0417633056641
60.1009864807129
13.8603801727295
-31.0681400299072
-2.21390676498413
18.9852199554443
9.25665855407715
15.5296440124512
-0.163072004914284
5.8785548210144
-59.1405296325684
-36.8535652160645
-42.8641357421875
-36.5715484619141
-30.1627197265625
-42.4104270935059
-42.6578598022461
-61.8101119995117
-40.3126983642578
-33.3362731933594
-31.637336730957
-37.3477783203125
-68.5405120849609
-54.4447975158691
-50.0870704650879
-14.6554126739502
-15.2908000946045
-34.3530158996582
-21.0377006530762
-20.4225482940674
-34.1661796569824
-30.4140853881836
-47.9881858825684
-21.0697116851807
-25.3743076324463
-48.159107208252
-60.102725982666
-58.0277557373047
-13.7798585891724
-4.86286401748657
-38.105770111084
-59.7720794677734
-64.2675933837891
-74.3708648681641
-84.1102600097656
-107.24388885498
-124.067588806152
-139.421737670898
-133.727478027344
-128.805465698242
-92.9341278076172
-92.9907379150391
-108.291618347168
-90.8796310424805
-121.462875366211
-107.02067565918
-120.210845947266
-93.8148345947266
-111.65128326416
-137.830902099609
-132.900634765625
-130.543441772461
-119.170616149902
-115.522476196289
-137.499328613281
-137.149215698242
-121.997741699219
-147.283020019531
-147.624572753906
-173.250213623047
-188.084655761719
-165.943542480469
-208.543884277344
-169.471069335938
-161.804458618164
-138.620712280273
-143.688842773438
-124.841773986816
-142.487686157227
-146.366424560547
-138.632720947266
-127.65991973877
-111.62621307373
-116.733001708984
-136.675918579102
-148.079223632812
-121.267127990723
-152.114944458008
-143.124099731445
-153.387054443359
-125.183853149414
-140.641632080078
-147.660491943359
-174.883377075195
-177.617111206055
-159.623687744141
-158.290115356445
-169.643417358398
-166.211715698242
-147.787750244141
-120.272834777832
-94.444206237793
-122.954658508301
-133.470703125
-147.652801513672
-141.957702636719
-10.9625616073608
-9.66320705413818
-64.7609939575195
-57.3897018432617
-37.6609306335449
20.5652122497559
10.2540903091431
17.2955131530762
51.2615280151367
59.6173553466797
122.03254699707
110.725143432617
140.918594360352
128.73567199707
152.671417236328
131.203796386719
48.0822257995605
106.489845275879
47.5481109619141
-37.5472831726074
-99.3149871826172
-145.101547241211
-134.729293823242
-126.017730712891
-109.286766052246
-58.7455825805664
-87.3982238769531
-63.8407707214355
-45.4700317382812
-73.3962020874023
-133.637420654297
-87.0680389404297
-25.3157558441162
-60.6881141662598
-83.3067245483398
-71.7909393310547
9.25901412963867
-13.0897989273071
-54.8730812072754
-45.6769828796387
-41.9686088562012
-18.0418224334717
14.9212512969971
-1.4456273317337
8.03596305847168
-1.08707177639008
-55.3042984008789
-107.66788482666
-38.9931373596191
-47.2738952636719
-30.0970363616943
-46.3942604064941
-7.41971397399902
1.16511523723602
28.6762886047363
9.28920841217041
-3.3312714099884
-0.931521594524384
-26.4687557220459
-6.23162889480591
11.4516849517822
-43.0689735412598
-44.9608383178711
-5.0368971824646
-1.069504737854
13.145281791687
-2.72469282150269
-2.04272651672363
-32.6126480102539
-16.4035873413086
-42.2581825256348
-54.295539855957
-95.5922927856445
-72.5734786987305
-45.2807006835938
-99.5344924926758
-86.9451293945312
-83.8774566650391
-57.6806602478027
-82.1942825317383
-96.8353729248047
-73.1011734008789
-66.5063171386719
-3.71275806427002
-38.4644660949707
-95.7535095214844
-85.5432739257812
-64.6642608642578
-53.9451675415039
-67.8249435424805
-49.5277976989746
-26.7544956207275
-32.1769561767578
-57.4379119873047
-86.609977722168
-69.0260238647461
-77.2801361083984
-61.7417945861816
-51.9021530151367
-62.648006439209
-62.7912902832031
-74.0063781738281
-84.7151870727539
-52.7683181762695
-33.9567375183105
-115.63842010498
-83.1074142456055
-25.1172523498535
23.075122833252
28.223316192627
1.4561812877655
26.9649257659912
60.8967819213867
61.235725402832
33.2783660888672
40.1684646606445
46.2813186645508
78.8803024291992
19.9617748260498
-53.2388343811035
-94.801155090332
-79.826530456543
-48.9394416809082
-26.3448715209961
-10.9488048553467
-85.9271240234375
-85.9869155883789
-90.1981430053711
-99.5852584838867
-83.6537322998047
-61.5996055603027
-86.5361633300781
-74.0883865356445
-64.7967681884766
-84.0725631713867
-60.9691505432129
-84.6522521972656
-69.5360565185547
-69.1268157958984
-101.335243225098
-134.079040527344
-117.650062561035
-104.347686767578
-70.0471038818359
-59.210578918457
-65.6241149902344
-74.0267944335938
-66.8298645019531
-62.2094764709473
-58.6270523071289
-61.8611602783203
-82.2207260131836
-69.6481704711914
-74.6978530883789
-58.0135078430176
-153.702301025391
-132.421722412109
-101.971633911133
-55.6081237792969
-63.8931541442871
-113.411087036133
-114.364952087402
-110.073402404785
-67.4199829101562
-70.6747207641602
-61.6886520385742
-71.7149658203125
-65.1081085205078
-23.8814125061035
-66.6171798706055
-91.7331314086914
-79.3622283935547
-47.219181060791
-35.7732200622559
-37.221076965332
-50.4205589294434
-29.6669254302979
-90.4089813232422
-88.1441192626953
-17.7462062835693
-20.478178024292
-21.3825187683105
-3.33664035797119
-22.7463684082031
-63.7722511291504
-74.7293319702148
-47.2785339355469
-14.4086713790894
-2.77167844772339
-63.1379356384277
-16.1731147766113
-12.9129314422607
6.37047004699707
37.4756813049316
41.3155250549316
50.4575309753418
22.4367790222168
7.95986890792847
-26.6417465209961
-9.12310695648193
-22.5853691101074
37.0156860351562
50.8570289611816
28.8362808227539
29.0235347747803
52.5003890991211
80.2035446166992
67.8396530151367
111.1396484375
117.914817810059
80.8234100341797
91.027702331543
127.791625976562
107.834579467773
100.007949829102
111.226486206055
76.3986587524414
75.0224456787109
93.7253112792969
90.9924545288086
69.8463745117188
62.8401222229004
102.234336853027
38.2751693725586
75.5912857055664
55.4191398620605
93.0456695556641
101.080444335938
107.966018676758
66.7398071289062
25.2908515930176
39.2759132385254
62.8322792053223
-11.9146661758423
27.5080642700195
19.0366611480713
-12.5516214370728
-21.2978286743164
-38.9507446289062
-13.1644792556763
-79.3511123657227
-48.6375465393066
-56.3524627685547
-43.0834922790527
-30.6127262115479
-30.4670238494873
-43.5080909729004
-34.9264335632324
-47.251537322998
-49.8943328857422
-9.11865997314453
-38.4394721984863
14.7115297317505
16.6486511230469
6.02737903594971
-34.0506935119629
-21.6334114074707
-4.9670615196228
2.33624315261841
2.78629899024963
2.13102078437805
24.6185626983643
35.0026702880859
38.8361549377441
8.65250587463379
5.39313983917236
-9.04590606689453
-16.7627105712891
-9.39917755126953
-44.3092384338379
-56.2368507385254
-57.1527099609375
-61.5622444152832
-118.332717895508
-116.193328857422
-72.3269195556641
-12.4529113769531
-8.23750972747803
-4.31444883346558
-52.5846939086914
-75.4602508544922
-55.6454620361328
-34.0545501708984
-77.4388961791992
-39.4853477478027
-65.8326110839844
-56.8315391540527
-16.5466575622559
-169.481735229492
-164.040008544922
-100.309524536133
-178.103973388672
-233.475952148438
-236.40168762207
-230.142547607422
-279.201843261719
-245.923446655273
-209.170776367188
-253.888168334961
-227.951141357422
-207.284469604492
-209.617095947266
-221.650115966797
-215.638320922852
-221.860168457031
-208.452529907227
-197.806747436523
-198.160888671875
-143.347305297852
-109.488975524902
-82.2155532836914
-65.075439453125
-27.9347057342529
-52.1334266662598
-24.0367450714111
-35.4938011169434
-69.2006378173828
-74.676383972168
-169.209823608398
-169.61540222168
-145.932022094727
-132.453536987305
-123.087326049805
-128.740036010742
-99.996337890625
-110.738334655762
-166.160522460938
-235.941177368164
-204.026412963867
-183.361694335938
-226.305618286133
-208.280838012695
-198.891540527344
-169.540878295898
-177.617614746094
-170.039657592773
-171.489151000977
-203.946762084961
-205.423568725586
-196.490264892578
-199.933959960938
-190.024871826172
-199.516143798828
-198.623275756836
-177.216293334961
-180.819976806641
-200.6748046875
-190.155319213867
-166.448089599609
-185.798538208008
-192.907440185547
-211.107482910156
-164.112152099609
-187.796569824219
-200.282348632812
-176.16862487793
-187.607727050781
-180.301910400391
-206.665054321289
-182.43408203125
-158.662841796875
-140.116561889648
-205.910568237305
-208.592071533203
-145.076019287109
-149.587768554688
-204.246520996094
-206.38981628418
-215.087036132812
-133.353927612305
-153.949859619141
-142.219375610352
-128.225173950195
-166.443939208984
-161.346328735352
-123.458869934082
-127.732986450195
-121.521263122559
-114.586433410645
-98.9708023071289
-106.155235290527
-139.883605957031
-117.577575683594
-130.975433349609
28.1854991912842
26.2966175079346
26.4925403594971
51.8423156738281
57.3193550109863
69.0197372436523
132.680694580078
154.700881958008
172.853988647461
124.927070617676
127.270606994629
144.722122192383
130.805572509766
170.182388305664
123.383415222168
96.1214370727539
61.6702194213867
78.0082855224609
56.6535987854004
41.876033782959
89.2882995605469
91.0470123291016
88.9181365966797
82.2503890991211
100.726760864258
88.4158706665039
84.7286071777344
82.6134872436523
108.816200256348
94.0652313232422
118.325141906738
113.340866088867
100.289627075195
101.45491027832
139.574096679688
138.53337097168
122.304893493652
103.856658935547
85.2227325439453
104.097328186035
73.3573913574219
66.0074920654297
46.9967651367188
39.8706283569336
77.9263687133789
24.7638530731201
14.6512537002563
60.101245880127
51.170280456543
45.8941040039062
54.4670028686523
86.1344680786133
129.839263916016
79.0647888183594
61.8706817626953
93.4387664794922
79.1669692993164
86.8768539428711
117.714805603027
77.7966079711914
49.3014450073242
72.7538299560547
9.777512550354
60.4170722961426
83.7612228393555
90.4532470703125
118.465469360352
100.413330078125
105.505958557129
75.2366409301758
78.2928924560547
46.1020126342773
62.4243927001953
65.1509246826172
68.1978378295898
58.8082084655762
60.4346923828125
62.6956481933594
45.331226348877
122.295692443848
106.050849914551
91.1890716552734
38.8974647521973
11.394434928894
13.1747779846191
-10.0225687026978
18.0336532592773
-19.4082126617432
-37.1297340393066
-61.4978713989258
-79.8084945678711
-30.9370403289795
-41.0135116577148
-50.588623046875
-60.2917518615723
-61.8420562744141
1.29062747955322
-46.9791259765625
-44.0811233520508
-0.553659677505493
13.3674116134644
-17.4629135131836
-27.0124359130859
-30.4788970947266
-51.6785163879395
-52.3728065490723
11.1170501708984
3.31395125389099
15.6042013168335
-17.4175109863281
-3.06265544891357
-23.0350284576416
26.7496871948242
-6.27911329269409
19.3860759735107
31.9571266174316
31.1760711669922
90.5319671630859
81.7184143066406
90.3396682739258
110.645500183105
90.1287231445312
129.413497924805
127.338958740234
115.317192077637
106.400367736816
82.0651779174805
118.584785461426
100.258888244629
135.973007202148
107.691802978516
104.037216186523
98.8682174682617
56.4890556335449
63.6970863342285
59.1650314331055
71.0442810058594
44.0796089172363
87.7575836181641
98.7226486206055
73.0226669311523
80.280876159668
72.072509765625
87.6889190673828
20.8786563873291
0.432102620601654
106.935859680176
124.433746337891
54.4548377990723
55.4359283447266
151.710266113281
111.076370239258
65.9304351806641
67.2758102416992
53.5532302856445
66.2685394287109
72.4529571533203
63.7836456298828
93.7927474975586
78.4638748168945
70.9760055541992
76.3090362548828
67.2591094970703
63.1725196838379
69.6889038085938
53.1606636047363
74.6253356933594
98.4851684570312
61.7059707641602
22.1403999328613
41.239990234375
63.3120803833008
47.0394630432129
57.7707672119141
26.8652229309082
44.4358863830566
36.8775672912598
62.5457153320312
6.48751831054688
17.7802543640137
63.4982986450195
19.9834480285645
32.539306640625
-0.300269901752472
22.7393035888672
18.6937141418457
44.7285652160645
44.8309364318848
54.0054588317871
62.6732292175293
52.761116027832
66.6194458007812
57.0453491210938
34.7578430175781
69.1914978027344
16.2753582000732
70.1492614746094
60.003490447998
60.1696357727051
44.3156776428223
50.6579399108887
70.5847244262695
59.1441535949707
75.0021057128906
74.234619140625
41.0410652160645
37.2857666015625
25.2037906646729
45.7627601623535
41.5582389831543
-4.05230093002319
55.2170066833496
41.7317276000977
43.7411003112793
48.1323432922363
37.9853401184082
30.2959289550781
16.2537097930908
-23.3748188018799
-1.2690190076828
25.466724395752
28.0759315490723
62.0084228515625
24.4864253997803
12.141918182373
40.9385604858398
65.3146209716797
132.583541870117
96.0090484619141
75.7231597900391
124.554191589355
126.880577087402
108.915306091309
77.5786819458008
94.613655090332
37.6630249023438
76.756477355957
95.8684768676758
70.5878372192383
111.432670593262
21.1847724914551
9.23047733306885
-4.37441253662109
14.861608505249
29.3905868530273
13.3868551254272
7.79346990585327
-12.1699275970459
24.6234302520752
22.1872291564941
16.0573806762695
5.1934642791748
20.4172859191895
46.6974296569824
26.7803363800049
16.3841114044189
-1.76060521602631
10.7353954315186
21.6124401092529
31.6762752532959
48.7887153625488
52.5988998413086
66.8767623901367
76.3356246948242
72.9367980957031
67.4754486083984
58.6774368286133
63.1642303466797
27.0278911590576
43.6341857910156
64.7580718994141
31.9309749603271
20.0869979858398
3.81971073150635
-12.0212326049805
11.665225982666
-6.41739368438721
-3.05358123779297
14.7900409698486
5.07384061813354
4.45656776428223
30.4349212646484
9.99300003051758
-35.1521263122559
18.7667636871338
1.00048995018005
1.19181382656097
-8.63270092010498
-26.1465167999268
-18.8216686248779
-20.2827472686768
-17.7803649902344
-26.5566577911377
-19.3469791412354
-11.6854753494263
-38.8329200744629
-22.6200885772705
-31.3398513793945
9.62158584594727
-5.98169183731079
-2.61143851280212
-2.05439782142639
-9.03474617004395
-20.4575366973877
-6.68208646774292
14.1604776382446
1.93255913257599
15.675573348999
-19.4396438598633
36.2614288330078
34.921932220459
39.8465461730957
52.1367263793945
50.7463874816895
40.267650604248
77.2356796264648
86.4184722900391
74.5874176025391
57.9699172973633
78.5315093994141
67.1541137695312
80.4167861938477
72.379280090332
110.181533813477
92.3022613525391
55.6722030639648
19.2976989746094
41.6790199279785
65.8255462646484
45.9115829467773
14.0641622543335
-14.4681911468506
6.79508495330811
-7.10708808898926
-26.6839866638184
-36.185173034668
-39.740104675293
-66.5364379882812
-7.77380609512329
10.3595752716064
5.69039964675903
4.49567079544067
-10.8973875045776
2.43101906776428
16.2433128356934
-2.18491101264954
-7.53424453735352
4.04482698440552
5.61348438262939
33.1887321472168
38.4693946838379
45.7485160827637
73.8223648071289
83.5820922851562
143.418960571289
89.9571685791016
118.01448059082
77.4441528320312
145.495559692383
147.527770996094
201.34733581543
213.205810546875
216.452926635742
214.489944458008
223.22248840332
212.837112426758
218.299118041992
199.012969970703
208.450759887695
208.555450439453
234.526657104492
241.131149291992
221.863739013672
227.788970947266
202.661148071289
203.859313964844
217.425354003906
199.880584716797
232.748657226562
225.598434448242
240.086090087891
221.049926757812
206.391647338867
197.317230224609
141.197280883789
170.898941040039
161.767028808594
169.509506225586
176.299468994141
173.654052734375
196.861663818359
168.396682739258
142.373992919922
146.00813293457
198.394729614258
170.899520874023
185.067474365234
169.306304931641
159.524703979492
157.830459594727
151.443313598633
156.679473876953
172.29704284668
162.160537719727
204.605926513672
183.329254150391
181.570816040039
260.03369140625
99.3639678955078
75.4035873413086
86.2780075073242
86.3225784301758
74.7809600830078
78.975456237793
96.0626831054688
113.955200195312
116.068840026855
160.243438720703
138.1630859375
88.6171112060547
54.4257354736328
50.3274955749512
108.07674407959
153.571090698242
166.209747314453
162.352996826172
157.482681274414
64.1762924194336
37.7729759216309
88.3868026733398
36.7156066894531
84.2383728027344
108.757530212402
100.38777923584
82.4766464233398
93.0072784423828
109.08797454834
123.963943481445
133.092651367188
139.716812133789
136.558837890625
121.547554016113
94.5266799926758
46.0799407958984
49.8590393066406
38.5442123413086
22.6005306243896
39.9016761779785
64.0146179199219
109.359245300293
101.012847900391
132.095123291016
136.983734130859
124.496040344238
115.121139526367
114.810470581055
115.292358398438
132.522445678711
108.771965026855
137.895370483398
170.366760253906
155.306076049805
143.127548217773
135.512832641602
139.234268188477
138.456329345703
163.210586547852
99.5013809204102
88.7397689819336
94.750602722168
95.3315353393555
65.9368667602539
87.5733947753906
71.5336227416992
92.3278579711914
85.3247222900391
95.1811981201172
91.6996612548828
92.9771957397461
91.4341659545898
59.8732452392578
110.447380065918
136.941177368164
138.02360534668
104.737930297852
147.570724487305
164.798141479492
109.355590820312
61.2648315429688
61.4963226318359
47.2480087280273
106.615142822266
120.687431335449
89.3082962036133
51.5138511657715
71.2896728515625
92.8244552612305
103.799407958984
128.64665222168
148.833679199219
143.744934082031
116.860595703125
129.932037353516
104.263938903809
136.905059814453
116.55192565918
132.213165283203
125.118392944336
157.012847900391
125.740798950195
137.086074829102
198.55305480957
174.906753540039
179.904022216797
190.904830932617
186.987579345703
238.850067138672
234.677291870117
207.676330566406
229.214324951172
213.123809814453
216.57080078125
204.16455078125
174.429702758789
134.567840576172
94.9961929321289
86.3936767578125
48.426212310791
58.9357566833496
35.8555870056152
9.64877796173096
73.8102951049805
129.783325195312
103.172523498535
-9.21103191375732
49.5782852172852
93.1254577636719
124.475158691406
8.25763607025146
4.83886861801147
30.6134338378906
2.71297454833984
26.9494972229004
24.7869358062744
34.5610237121582
3.35894417762756
4.57010078430176
-16.7609252929688
12.6642904281616
14.1589679718018
8.28953647613525
27.6266574859619
28.5405941009521
35.6691665649414
57.3175506591797
64.5629119873047
45.452091217041
3.32264161109924
21.8677978515625
-6.69034004211426
-5.81155776977539
-5.09311389923096
-25.8302059173584
-32.8534965515137
-32.3258666992188
-40.5737190246582
-31.5321216583252
-25.6872138977051
-24.9177322387695
-22.90598487854
-41.3998069763184
-53.1310043334961
-58.0637512207031
-55.7632598876953
-52.9979591369629
-52.9290390014648
-49.2360916137695
-49.9782867431641
-24.2324352264404
-64.7820281982422
-41.4439010620117
20.528491973877
55.1994171142578
32.9272613525391
56.4688606262207
58.552303314209
49.8599586486816
53.4145812988281
72.0440673828125
33.0238914489746
-7.66628360748291
-35.3408432006836
-10.0141038894653
-31.3953056335449
-53.2324447631836
-82.29736328125
-70.0083541870117
-62.5936851501465
-45.969539642334
-63.0210876464844
-55.5438346862793
-88.0920562744141
-73.4695510864258
-61.6746215820312
-55.3721694946289
-56.7531890869141
-55.8212509155273
-61.2680282592773
-48.8267631530762
-53.2227210998535
-39.349494934082
-27.020622253418
-22.5560836791992
-38.732551574707
-26.5104236602783
-3.79025101661682
-30.4472827911377
-39.4195022583008
-90.4574813842773
-70.538200378418
-108.205390930176
-115.736976623535
-38.2692909240723
-107.84504699707
-167.431106567383
-135.220108032227
-154.197738647461
-167.073028564453
-175.622497558594
-100.200325012207
-127.08854675293
-111.014671325684
-104.510360717773
-61.1139640808105
-7.18377637863159
-26.3429183959961
-18.9027652740479
13.3811941146851
-8.80790901184082
-29.035364151001
-9.85677719116211
-11.9243535995483
-7.79990530014038
-6.66552972793579
-40.6560173034668
-32.2181167602539
-46.1273498535156
-22.3561840057373
19.9137077331543
26.7124042510986
56.7632293701172
112.990447998047
94.076286315918
89.1603393554688
109.160484313965
134.62434387207
112.746284484863
136.725479125977
114.864295959473
135.636260986328
132.924163818359
120.89949798584
95.1265335083008
86.6174545288086
78.0402145385742
67.6444778442383
31.1860847473145
40.873664855957
46.4927520751953
35.868049621582
-7.80844259262085
15.0960178375244
31.0306167602539
39.5318832397461
10.9910688400269
-18.5185508728027
-19.3608798980713
11.6400804519653
-30.3707389831543
-83.1558837890625
-76.5095672607422
-85.2927322387695
-93.1626663208008
-104.025909423828
-118.972785949707
-82.1430969238281
-71.1726760864258
-99.0248336791992
-120.532936096191
-108.99089050293
-108.708442687988
-157.967849731445
-181.779876708984
-163.561218261719
-168.293197631836
-178.522232055664
-122.185623168945
-112.02522277832
-129.931869506836
-123.325141906738
-135.648162841797
-110.044380187988
-100.374519348145
-102.455642700195
-109.593902587891
-99.7294845581055
-107.340888977051
-109.75129699707
-100.241226196289
-82.6329803466797
-41.943733215332
-46.8989181518555
-45.0130043029785
-41.4238395690918
-49.7450332641602
-46.5536918640137
-41.4478721618652
-41.524055480957
-56.826286315918
-35.4707527160645
-25.9135456085205
-60.5106735229492
-67.9674453735352
-58.3297729492188
-68.5122451782227
-43.8534355163574
-30.5884017944336
2.49018359184265
-16.6438026428223
-3.72049975395203
-3.08730244636536
-25.9297504425049
-48.2486152648926
-49.9912872314453
-39.7017059326172
-16.7170753479004
-30.6605186462402
-61.3213386535645
-47.4786376953125
-81.6481552124023
-91.6506729125977
-69.6976928710938
-68.9450912475586
-91.8995361328125
-109.619232177734
-100.602508544922
-97.5404510498047
-110.017372131348
-126.769416809082
-69.5438461303711
-99.3232955932617
-86.5995254516602
-68.583740234375
-87.1045303344727
-66.6025695800781
-81.5520629882812
-95.3775100708008
-58.0425643920898
-61.5298080444336
-75.3034439086914
-11.0795803070068
-27.2914867401123
-33.6947135925293
-72.8867263793945
-34.2162094116211
-66.1021957397461
-32.9526290893555
-113.465194702148
-120.313285827637
-113.796852111816
-155.117370605469
-156.654678344727
-118.971168518066
-107.362831115723
-94.7885360717773
-99.9310302734375
-108.204978942871
-68.7884216308594
-90.1372451782227
-72.4266357421875
-69.7122650146484
-73.2631225585938
-70.5702590942383
-48.4593315124512
-53.8610877990723
-34.6267280578613
-24.446704864502
-4.2370138168335
-26.4154052734375
-13.548942565918
16.579252243042
55.2966499328613
44.9196701049805
50.5894660949707
8.17627716064453
6.91849136352539
11.5062503814697
21.5178489685059
-37.0297966003418
-86.8605041503906
-64.3587188720703
-53.8997611999512
-70.3608551025391
-88.742073059082
-90.2459335327148
-108.100059509277
-17.6607322692871
61.6018562316895
101.955955505371
108.651885986328
62.352180480957
25.0892105102539
-44.1059265136719
-9.57766723632812
52.6286544799805
85.8165512084961
36.0111656188965
13.8135824203491
31.1814498901367
25.6172657012939
-9.60764598846436
9.14885425567627
-85.8932571411133
-121.494354248047
-138.726119995117
-118.641098022461
-72.9884490966797
-110.708076477051
-105.984565734863
-84.0334854125977
-83.5491943359375
-68.5856399536133
-50.2586555480957
-28.804048538208
-37.0921783447266
-34.0581474304199
-69.2279357910156
-62.9863510131836
-97.586067199707
-123.659027099609
-112.644172668457
-82.914680480957
-75.6904449462891
-54.6686172485352
-47.3903465270996
-70.2125625610352
-52.7340278625488
2.79198050498962
30.0550327301025
37.7472190856934
-54.5437202453613
-68.2626113891602
-62.0020370483398
-61.4970283508301
-47.2100677490234
-33.7302398681641
-21.2227725982666
11.8354015350342
-10.4348039627075
-22.0399494171143
-21.9500312805176
-7.94840288162231
1.96482956409454
-6.28658962249756
-25.22336769104
26.0802898406982
13.6881980895996
29.1501522064209
37.3423500061035
13.3185396194458
-0.357344835996628
5.66544389724731
20.2420063018799
22.6173477172852
24.9996814727783
36.9139633178711
62.3392715454102
24.608247756958
21.7761669158936
62.5557060241699
95.3591690063477
108.272468566895
76.3638458251953
48.9269485473633
32.6008338928223
71.1510696411133
79.2408599853516
49.484016418457
48.4410629272461
55.7900009155273
80.7582778930664
92.2717742919922
95.3874130249023
114.513229370117
120.806343078613
94.1965560913086
108.724349975586
117.177810668945
71.2094573974609
79.1889801025391
39.9839973449707
0.690430223941803
51.5476341247559
78.6489334106445
113.865081787109
94.1107635498047
90.6230087280273
86.2252502441406
93.7496032714844
131.715225219727
108.288475036621
109.304481506348
86.2708892822266
48.5210266113281
15.4240255355835
39.6324043273926
15.3602123260498
8.42507266998291
12.0193176269531
36.5811958312988
11.4186983108521
5.14119577407837
-5.42750930786133
11.3353462219238
-1.58061575889587
-19.5441360473633
2.43706488609314
-3.88827681541443
-1.20937013626099
-14.4070663452148
10.1571273803711
-13.6522798538208
-14.9588356018066
-13.6641292572021
5.36960697174072
-25.4825057983398
12.4852924346924
26.6777362823486
27.3748550415039
55.0914916992188
45.7517471313477
45.57861328125
35.8290252685547
28.1732349395752
69.7858276367188
52.8783721923828
43.933952331543
43.5195960998535
46.2664680480957
28.4715442657471
18.2167224884033
26.6065826416016
83.8610458374023
93.6325607299805
120.855827331543
86.5986938476562
91.5056686401367
121.872970581055
126.576713562012
113.104820251465
167.256164550781
165.49055480957
151.034881591797
166.994049072266
165.242813110352
195.668731689453
197.300216674805
201.527008056641
191.629913330078
173.232299804688
172.167907714844
172.033828735352
159.259063720703
165.156356811523
206.00065612793
176.13232421875
185.424240112305
188.542022705078
190.540542602539
189.045837402344
190.647247314453
222.162521362305
238.647766113281
226.39990234375
228.876998901367
268.660369873047
258.953308105469
235.772171020508
238.290618896484
191.211730957031
146.533874511719
157.624938964844
159.193511962891
179.130401611328
161.086944580078
176.53239440918
160.515533447266
137.161254882812
158.275100708008
175.591278076172
145.634750366211
155.646240234375
194.991500854492
188.332885742188
196.52783203125
190.745254516602
173.616958618164
180.458938598633
187.099990844727
186.605484008789
137.923843383789
168.955627441406
208.574752807617
213.089889526367
237.184906005859
224.287887573242
194.471893310547
214.162811279297
189.250717163086
213.988754272461
200.327362060547
193.729507446289
187.457366943359
171.677795410156
112.772071838379
122.083282470703
108.913627624512
126.790557861328
115.859603881836
194.356857299805
180.314895629883
148.589370727539
132.413360595703
152.548202514648
127.77165222168
152.940368652344
141.697036743164
148.796966552734
76.5314636230469
121.681823730469
126.674705505371
165.145904541016
182.024276733398
125.898567199707
85.8700866699219
76.5980529785156
122.378471374512
122.377792358398
125.540832519531
148.529357910156
111.201385498047
121.907295227051
129.086547851562
152.505477905273
147.716949462891
167.721649169922
135.037246704102
190.334823608398
220.98779296875
178.528182983398
168.863586425781
159.785293579102
193.466400146484
161.471832275391
172.385864257812
187.990905761719
234.867401123047
181.527008056641
123.802513122559
116.409141540527
140.087463378906
122.644035339355
121.216278076172
183.885284423828
175.558059692383
164.260787963867
178.097778320312
124.917556762695
148.443634033203
195.643035888672
159.452194213867
170.401062011719
169.365341186523
153.844299316406
167.030853271484
188.529083251953
174.899459838867
122.859580993652
117.555480957031
129.334945678711
55.7162284851074
63.7435989379883
51.0546264648438
66.463623046875
100.451179504395
89.5714874267578
96.0850067138672
82.9191360473633
86.120491027832
137.092376708984
168.045623779297
174.011260986328
242.824920654297
220.807998657227
247.523345947266
252.45036315918
179.276840209961
158.587753295898
168.82275390625
168.359771728516
156.882736206055
161.85466003418
109.953079223633
92.5422515869141
105.759170532227
84.4005432128906
91.8770523071289
97.4775543212891
107.279541015625
99.3292541503906
123.499954223633
154.40446472168
138.857696533203
67.2897033691406
100.169158935547
114.570724487305
91.5182800292969
83.618537902832
91.7468109130859
93.4986877441406
125.06143951416
112.547790527344
143.088531494141
124.121238708496
100.203201293945
113.343544006348
78.180061340332
105.682731628418
134.567596435547
166.692489624023
145.129043579102
116.517807006836
133.047988891602
167.691040039062
115.769348144531
121.779792785645
133.73210144043
120.581741333008
152.784408569336
151.252563476562
120.898284912109
98.0343399047852
134.910583496094
123.086540222168
107.403686523438
111.020088195801
106.396842956543
94.9181518554688
117.329116821289
178.018295288086
99.4831771850586
139.453857421875
138.896896362305
161.378936767578
170.883834838867
146.968139648438
215.407653808594
154.127944946289
105.807777404785
134.131881713867
23.0616474151611
63.5942611694336
92.4153442382812
168.679504394531
115.970344543457
122.956756591797
9.88846015930176
36.002498626709
-6.91093015670776
-5.57257127761841
-10.8680200576782
-46.7602996826172
-51.1978607177734
-31.7709789276123
-33.0712394714355
-32.9201469421387
-22.456298828125
-27.347526550293
-18.7686786651611
-0.383644759654999
4.03984785079956
-0.988489627838135
21.8032665252686
26.5814476013184
14.0485010147095
9.68486595153809
-58.2574424743652
-84.3912124633789
-107.58039855957
-160.688369750977
-100.344268798828
-71.1921920776367
-76.7451019287109
-69.1563949584961
-57.1791572570801
-36.2242851257324
-18.0849094390869
-8.66545486450195
-43.8795013427734
-23.9310512542725
-37.4065055847168
-11.4707822799683
-12.4986705780029
-1.11528527736664
-26.6595287322998
51.0935020446777
38.2643356323242
77.4314117431641
50.3780784606934
77.6954040527344
94.9304733276367
72.7657012939453
46.9564781188965
-9.05171680450439
-50.2960433959961
-103.647254943848
-110.845085144043
-98.5622482299805
-82.4375
-89.6343383789062
-75.2822036743164
-72.8380813598633
-91.0755996704102
-84.016227722168
-39.0984764099121
-48.5824012756348
-48.7118682861328
-50.6872520446777
-17.23366355896
-6.82080364227295
12.46861743927
23.938268661499
24.753833770752
8.21658897399902
-1.45410060882568
11.7827825546265
-51.7394371032715
-57.4633560180664
-34.5478858947754
-44.1137390136719
-63.8294715881348
-46.4880027770996
-72.8809585571289
-74.8458404541016
-72.1428985595703
-2.28512454032898
-17.5617713928223
-72.0055236816406
7.19695568084717
-81.1186599731445
-116.290222167969
-113.432464599609
-31.4759216308594
-15.3040618896484
1.47385203838348
22.5466289520264
31.5748100280762
15.8097925186157
46.655948638916
72.0424346923828
91.0426177978516
78.2877578735352
93.9372482299805
109.215286254883
107.571113586426
150.298965454102
116.304542541504
121.060173034668
111.073135375977
113.230972290039
109.173416137695
113.473785400391
128.220413208008
65.8386001586914
31.2557697296143
51.1621246337891
10.3652210235596
0.92836606502533
54.5624694824219
55.0901489257812
8.21487045288086
-17.2707595825195
-19.4489574432373
-41.7123794555664
-55.1994247436523
-36.5494956970215
28.0800323486328
-28.0803699493408
6.91533327102661
-23.6747264862061
-27.8740863800049
-18.5548114776611
-59.8616218566895
-103.05606842041
-43.2889785766602
-7.730064868927
27.2408752441406
-11.2041101455688
-12.8596448898315
-40.3563537597656
-25.527530670166
-68.5330963134766
-40.8663368225098
-74.0481796264648
-106.304573059082
-48.7798347473145
-38.4747009277344
-71.9032974243164
-29.0376796722412
-42.6833305358887
-124.55492401123
-99.6950759887695
-98.0207977294922
-83.6077880859375
-158.088165283203
-158.485855102539
-149.055938720703
-165.00846862793
-131.128799438477
-141.854949951172
-137.947723388672
-106.570594787598
-107.373161315918
-28.4738845825195
2.14803862571716
-22.8130397796631
-112.205375671387
-37.4941558837891
-48.908203125
-10.9755458831787
-32.3493614196777
-32.6252708435059
-53.0649528503418
-30.1334571838379
31.4428043365479
26.556209564209
22.3464031219482
41.1105728149414
49.122200012207
20.2868633270264
21.5181503295898
37.2039260864258
37.5279235839844
55.7476463317871
84.9557266235352
42.8374328613281
1.6228700876236
27.0035877227783
-1.52921557426453
-34.3719100952148
-47.5153503417969
-39.0310363769531
-17.5121192932129
-32.4785194396973
-17.3299674987793
-28.5820007324219
-69.1539535522461
-92.2015609741211
5.1564564704895
-44.9847869873047
9.98097896575928
44.889835357666
42.1653175354004
75.3603820800781
80.7451629638672
122.177581787109
69.1037368774414
63.7779693603516
29.703519821167
1.12700605392456
-38.5964660644531
-0.753401100635529
-109.047309875488
-103.446716308594
-68.4816284179688
-64.7778244018555
-60.5195007324219
-88.0123825073242
-82.3926391601562
-62.5113906860352
-31.9533920288086
-42.0516166687012
-26.0051879882812
-42.5042572021484
-46.0320091247559
-46.4151763916016
-6.34448766708374
-20.3241119384766
-41.1091156005859
-20.5580921173096
0.0566416680812836
32.9886817932129
29.8996295928955
25.0217170715332
45.9464225769043
22.8875331878662
41.3789978027344
39.1460609436035
55.8527069091797
47.9291114807129
50.5526733398438
36.3014984130859
58.1764717102051
52.1730117797852
-1.92353475093842
36.8142890930176
119.645751953125
138.100296020508
145.533248901367
141.200485229492
143.341415405273
153.548492431641
150.663467407227
131.219421386719
139.688034057617
149.551849365234
133.837554931641
118.254531860352
117.30818939209
117.09895324707
108.396072387695
99.3683166503906
133.176773071289
179.329559326172
194.117492675781
193.875350952148
211.008041381836
200.37809753418
119.766983032227
80.8308334350586
115.521995544434
123.110900878906
80.9102630615234
79.9352645874023
76.2580337524414
134.643173217773
126.034233093262
86.2711868286133
-16.3229923248291
-20.9579410552979
-42.154369354248
-81.8140869140625
-42.5053520202637
-54.3622398376465
-59.9588737487793
-28.2840938568115
-84.8578643798828
-51.0446319580078
-45.938793182373
-58.4444351196289
-114.94181060791
-102.350082397461
-108.654830932617
